Efficientb0-10class-F_C_E_11channel_new_TA_back-5class_lstm(batch_size=64)_adamw_cosinerestart.pth
==> Building model..
Loaded pretrained weights for efficientnet-b0
==> Resuming from checkpoint..
best acc: 82.626544
008_2_
acc=89.096, loss=0.00433, correct=670, total=752
[[253, 5, 6, 0, 2], [9, 81, 15, 0, 7], [3, 12, 217, 6, 3], [0, 0, 0, 67, 0], [7, 6, 1, 0, 52]]
040_3_
acc=86.207, loss=0.00574, correct=650, total=754
[[352, 11, 4, 0, 6], [18, 114, 3, 0, 13], [7, 26, 97, 0, 6], [0, 0, 9, 28, 0], [1, 0, 0, 0, 59]]
047_0_
acc=90.345, loss=0.00449, correct=655, total=725
[[30, 0, 2, 0, 1], [0, 20, 6, 0, 3], [1, 23, 422, 9, 5], [0, 0, 7, 80, 0], [0, 11, 2, 0, 103]]
049_3_
acc=87.896, loss=0.00464, correct=777, total=884
[[502, 13, 0, 0, 0], [39, 215, 26, 0, 0], [1, 22, 18, 0, 0], [0, 0, 0, 0, 0], [3, 3, 0, 0, 42]]
055_3_
acc=53.419, loss=0.02222, correct=125, total=234
[[12, 19, 2, 1, 0], [0, 89, 23, 43, 3], [0, 10, 20, 8, 0], [0, 0, 0, 0, 0], [0, 0, 0, 0, 4]]
061_3_
acc=81.421, loss=0.00851, correct=298, total=366
[[120, 22, 14, 0, 0], [6, 108, 13, 0, 1], [0, 12, 56, 0, 0], [0, 0, 0, 0, 0], [0, 0, 0, 0, 14]]
070_3_
acc=86.740, loss=0.00541, correct=628, total=724
[[202, 11, 3, 0, 3], [24, 209, 16, 0, 4], [1, 24, 169, 0, 0], [0, 0, 0, 0, 0], [3, 6, 1, 0, 48]]
072_3_
acc=83.541, loss=0.00706, correct=604, total=723
[[228, 9, 0, 0, 1], [38, 148, 15, 0, 10], [1, 8, 146, 7, 8], [0, 0, 0, 0, 0], [9, 10, 3, 0, 82]]
077_2_
acc=86.061, loss=0.00586, correct=673, total=782
[[241, 4, 0, 0, 0], [11, 56, 19, 0, 5], [0, 15, 230, 3, 0], [0, 0, 17, 36, 0], [18, 2, 15, 0, 110]]
086_3_
acc=82.754, loss=0.00748, correct=595, total=719
[[221, 5, 2, 0, 1], [31, 199, 26, 0, 36], [3, 8, 128, 0, 2], [0, 0, 0, 0, 0], [7, 3, 0, 0, 47]]
098_1_
acc=86.413, loss=0.00598, correct=636, total=736
[[110, 2, 3, 0, 9], [13, 32, 4, 0, 2], [14, 30, 457, 0, 5], [0, 0, 4, 0, 0], [14, 0, 0, 0, 37]]
101_1_
acc=83.182, loss=0.00730, correct=643, total=773
[[194, 8, 7, 1, 34], [4, 75, 6, 0, 14], [2, 17, 255, 7, 4], [0, 0, 11, 21, 0], [8, 4, 3, 0, 98]]
104_1_
acc=80.237, loss=0.00755, correct=609, total=759
[[181, 2, 1, 0, 4], [34, 70, 21, 0, 8], [5, 19, 289, 0, 2], [0, 0, 0, 0, 0], [50, 0, 4, 0, 69]]
122_3_
acc=85.694, loss=0.00575, correct=617, total=720
[[187, 9, 17, 0, 2], [6, 89, 35, 0, 2], [4, 9, 292, 1, 0], [0, 0, 0, 0, 0], [3, 14, 1, 0, 49]]
136_2_
acc=89.467, loss=0.00440, correct=722, total=807
[[199, 7, 8, 0, 4], [14, 56, 24, 0, 1], [1, 6, 352, 0, 2], [0, 0, 8, 2, 0], [0, 5, 5, 0, 113]]
142_2_
acc=89.121, loss=0.00403, correct=639, total=717
[[70, 1, 2, 0, 4], [16, 69, 19, 0, 5], [0, 10, 322, 1, 3], [0, 0, 6, 63, 0], [0, 4, 7, 0, 115]]
150_1_
acc=83.520, loss=0.00604, correct=598, total=716
[[108, 2, 2, 0, 3], [20, 41, 3, 0, 0], [10, 40, 301, 0, 2], [0, 0, 22, 48, 0], [1, 7, 6, 0, 100]]
155_3_
acc=89.552, loss=0.00437, correct=660, total=737
[[149, 6, 1, 0, 6], [6, 78, 17, 0, 7], [0, 22, 355, 0, 7], [0, 0, 0, 0, 0], [4, 1, 0, 0, 78]]
156_3_
acc=81.732, loss=0.00889, correct=689, total=843
[[316, 20, 14, 0, 10], [49, 138, 9, 0, 2], [2, 32, 151, 0, 3], [0, 0, 0, 0, 0], [2, 8, 3, 0, 84]]
171_2_
acc=94.847, loss=0.00234, correct=773, total=815
[[245, 1, 1, 0, 4], [9, 84, 2, 0, 0], [0, 21, 314, 0, 0], [0, 0, 0, 0, 0], [1, 1, 2, 0, 130]]
180_2_
acc=84.118, loss=0.00609, correct=625, total=743
[[200, 19, 3, 0, 4], [8, 76, 2, 0, 12], [0, 19, 241, 12, 3], [0, 1, 35, 35, 0], [0, 0, 0, 0, 73]]
186_3_
acc=85.042, loss=0.00546, correct=614, total=722
[[164, 27, 9, 0, 3], [1, 112, 17, 0, 5], [1, 39, 243, 0, 0], [0, 0, 0, 0, 0], [5, 1, 0, 0, 95]]
189_3_
acc=82.656, loss=0.00614, correct=610, total=738
[[56, 2, 6, 0, 5], [3, 99, 34, 0, 0], [1, 15, 315, 0, 0], [0, 0, 44, 0, 0], [4, 7, 7, 0, 140]]
196_0_
acc=91.760, loss=0.00386, correct=657, total=716
[[250, 5, 2, 0, 6], [7, 24, 17, 0, 10], [2, 3, 295, 0, 4], [0, 0, 0, 0, 0], [3, 0, 0, 0, 88]]
215_3_
acc=80.807, loss=0.00800, correct=581, total=719
[[95, 7, 4, 0, 24], [6, 48, 36, 0, 5], [0, 16, 315, 1, 1], [0, 0, 22, 32, 0], [7, 4, 5, 0, 91]]
232_3_
acc=83.794, loss=0.00584, correct=698, total=833
[[376, 72, 3, 0, 0], [25, 240, 15, 0, 2], [2, 16, 82, 0, 0], [0, 0, 0, 0, 0], [0, 0, 0, 0, 0]]
239_3_
acc=84.861, loss=0.00652, correct=639, total=753
[[253, 11, 3, 0, 1], [18, 84, 48, 0, 0], [2, 10, 235, 0, 0], [0, 0, 0, 0, 0], [15, 2, 4, 0, 67]]
254_1_
acc=87.862, loss=0.00539, correct=637, total=725
[[303, 14, 6, 0, 5], [16, 117, 29, 0, 3], [3, 12, 177, 0, 0], [0, 0, 0, 0, 0], [0, 0, 0, 0, 40]]
267_2_
acc=91.401, loss=0.00390, correct=659, total=721
[[54, 6, 2, 0, 7], [1, 33, 20, 0, 1], [0, 6, 469, 8, 0], [0, 0, 4, 29, 0], [4, 2, 1, 0, 74]]
301_3_
acc=78.194, loss=0.00891, correct=563, total=720
[[94, 5, 3, 0, 12], [7, 54, 32, 0, 1], [9, 32, 333, 0, 0], [0, 0, 9, 2, 0], [21, 13, 13, 0, 80]]
307_0_
acc=92.608, loss=0.00324, correct=664, total=717
[[163, 8, 4, 0, 9], [7, 31, 11, 0, 0], [2, 9, 443, 0, 1], [0, 0, 0, 0, 0], [1, 1, 0, 0, 27]]
317_1_
acc=78.225, loss=0.00946, correct=564, total=721
[[193, 10, 2, 0, 8], [12, 98, 34, 0, 0], [1, 33, 257, 0, 0], [0, 0, 7, 0, 0], [25, 23, 2, 0, 16]]
322_3_
acc=78.767, loss=0.00784, correct=575, total=730
[[157, 9, 9, 0, 0], [18, 98, 33, 0, 3], [2, 28, 254, 8, 2], [0, 0, 26, 43, 0], [9, 7, 1, 0, 23]]
334_0_
acc=54.735, loss=0.02081, correct=393, total=718
[[121, 138, 0, 0, 25], [0, 142, 2, 1, 43], [0, 48, 18, 0, 1], [0, 0, 0, 0, 0], [1, 66, 0, 0, 112]]
371_1_
acc=88.997, loss=0.00439, correct=639, total=718
[[81, 3, 0, 0, 0], [1, 14, 21, 0, 0], [1, 3, 377, 7, 9], [1, 0, 4, 123, 0], [0, 3, 26, 0, 44]]
378_1_
acc=77.524, loss=0.01307, correct=814, total=1050
[[720, 0, 0, 0, 0], [199, 20, 15, 0, 0], [6, 16, 74, 0, 0], [0, 0, 0, 0, 0], [0, 0, 0, 0, 0]]
384_1_
acc=87.569, loss=0.00558, correct=634, total=724
[[91, 6, 0, 0, 10], [1, 35, 6, 0, 6], [0, 2, 323, 0, 4], [0, 0, 52, 84, 0], [3, 0, 0, 0, 101]]
392_2_
acc=87.190, loss=0.00515, correct=633, total=726
[[276, 38, 9, 0, 2], [6, 67, 15, 0, 1], [1, 8, 277, 0, 0], [0, 0, 0, 0, 0], [2, 6, 5, 0, 13]]
393_2_
acc=77.128, loss=0.00828, correct=580, total=752
[[269, 8, 1, 0, 25], [41, 110, 7, 0, 57], [0, 3, 144, 0, 0], [0, 0, 30, 8, 0], [0, 0, 0, 0, 49]]
419_3_
acc=86.288, loss=0.00557, correct=623, total=722
[[154, 12, 1, 0, 3], [2, 92, 26, 0, 0], [4, 23, 268, 0, 0], [0, 0, 0, 0, 0], [14, 9, 5, 0, 109]]
433_3_
acc=83.586, loss=0.00627, correct=606, total=725
[[125, 6, 3, 0, 4], [8, 199, 47, 0, 6], [2, 23, 178, 0, 0], [0, 0, 0, 0, 0], [10, 10, 0, 0, 104]]
439_2_
acc=91.288, loss=0.00334, correct=723, total=792
[[293, 13, 2, 0, 6], [0, 36, 22, 0, 3], [0, 9, 361, 0, 7], [0, 0, 0, 0, 0], [2, 2, 3, 0, 33]]
487_2_
acc=87.397, loss=0.00455, correct=638, total=730
[[129, 3, 1, 0, 5], [4, 39, 18, 0, 3], [2, 11, 365, 2, 5], [0, 0, 29, 20, 0], [4, 2, 3, 0, 85]]
496_3_
acc=83.537, loss=0.00654, correct=614, total=735
[[122, 21, 2, 0, 3], [10, 149, 36, 0, 3], [2, 31, 230, 0, 0], [0, 0, 0, 0, 0], [3, 9, 1, 0, 113]]
506_3_
acc=72.639, loss=0.01084, correct=523, total=720
[[166, 19, 7, 0, 12], [13, 164, 116, 0, 12], [0, 11, 110, 1, 0], [0, 0, 0, 0, 0], [2, 3, 1, 0, 83]]
538_3_
acc=81.692, loss=0.00668, correct=589, total=721
[[140, 14, 1, 0, 4], [13, 325, 77, 0, 0], [1, 14, 70, 0, 0], [0, 0, 0, 0, 0], [1, 3, 4, 0, 54]]
542_3_
acc=74.897, loss=0.00958, correct=546, total=729
[[142, 10, 0, 0, 1], [20, 167, 78, 0, 3], [2, 34, 193, 7, 0], [0, 1, 8, 2, 0], [16, 1, 2, 0, 42]]
550_3_
acc=77.310, loss=0.00841, correct=569, total=736
[[333, 9, 2, 0, 3], [23, 80, 72, 0, 3], [1, 6, 77, 0, 4], [0, 0, 6, 0, 0], [16, 11, 11, 0, 79]]
554_3_
acc=87.261, loss=0.00506, correct=685, total=785
[[391, 6, 8, 0, 2], [23, 131, 17, 1, 0], [0, 5, 141, 16, 0], [0, 0, 6, 4, 0], [7, 9, 0, 0, 18]]
558_2_
acc=79.024, loss=0.00834, correct=599, total=758
[[250, 0, 0, 0, 1], [14, 75, 42, 0, 0], [5, 18, 112, 1, 0], [0, 0, 24, 59, 0], [11, 17, 26, 0, 103]]
566_2_
acc=86.831, loss=0.00539, correct=633, total=729
[[216, 0, 4, 0, 0], [23, 14, 27, 0, 0], [15, 4, 242, 11, 7], [0, 0, 0, 83, 0], [5, 0, 0, 0, 78]]
567_3_
acc=88.798, loss=0.00460, correct=650, total=732
[[245, 20, 3, 0, 0], [26, 375, 12, 0, 0], [1, 20, 30, 0, 0], [0, 0, 0, 0, 0], [0, 0, 0, 0, 0]]
581_2_
acc=92.072, loss=0.00301, correct=662, total=719
[[107, 4, 2, 0, 6], [3, 47, 11, 0, 1], [0, 12, 390, 0, 1], [0, 0, 0, 0, 0], [7, 4, 6, 0, 118]]
586_3_
acc=87.070, loss=0.00519, correct=633, total=727
[[302, 7, 4, 0, 1], [11, 166, 18, 0, 0], [4, 31, 133, 3, 0], [0, 0, 1, 11, 0], [3, 8, 3, 0, 21]]
597_3_
acc=86.092, loss=0.00595, correct=619, total=719
[[60, 10, 3, 0, 3], [0, 125, 32, 0, 2], [3, 25, 315, 15, 2], [1, 0, 1, 38, 0], [0, 1, 2, 0, 81]]
611_2_
acc=78.273, loss=0.00924, correct=562, total=718
[[76, 2, 3, 0, 7], [3, 20, 71, 2, 7], [0, 2, 279, 27, 8], [0, 0, 14, 38, 0], [2, 7, 1, 0, 149]]
618_3_
acc=75.208, loss=0.00926, correct=543, total=722
[[340, 3, 3, 0, 1], [49, 62, 62, 0, 0], [10, 17, 92, 0, 3], [0, 0, 0, 0, 0], [3, 8, 20, 0, 49]]
623_3_
acc=73.925, loss=0.01168, correct=533, total=721
[[37, 11, 1, 0, 6], [4, 176, 111, 0, 24], [1, 10, 209, 0, 0], [0, 0, 0, 0, 0], [5, 12, 3, 0, 111]]
629_2_
acc=85.889, loss=0.00654, correct=633, total=737
[[118, 0, 1, 0, 0], [32, 15, 5, 0, 0], [39, 6, 410, 0, 0], [0, 0, 0, 0, 0], [18, 1, 2, 0, 90]]
637_2_
acc=79.780, loss=0.00821, correct=580, total=727
[[125, 2, 0, 0, 0], [29, 70, 62, 0, 0], [10, 32, 360, 0, 1], [0, 0, 0, 0, 0], [11, 0, 0, 0, 25]]
642_3_
acc=91.111, loss=0.00414, correct=656, total=720
[[181, 4, 0, 0, 1], [8, 68, 28, 0, 3], [3, 9, 318, 1, 2], [0, 0, 0, 0, 0], [2, 2, 1, 0, 89]]
645_1_
acc=90.488, loss=0.00370, correct=704, total=778
[[237, 5, 0, 0, 4], [15, 37, 17, 0, 0], [1, 9, 299, 0, 2], [0, 0, 6, 0, 0], [1, 3, 11, 0, 131]]
A2019-NX-01-0009_2_
acc=88.021, loss=0.00409, correct=507, total=576
[[202, 9, 1, 0, 2], [0, 48, 3, 0, 6], [2, 20, 154, 13, 9], [0, 0, 0, 54, 0], [3, 1, 0, 0, 49]]
A2019-NX-01-0025_3_
acc=70.874, loss=0.01066, correct=219, total=309
[[44, 3, 0, 0, 0], [14, 56, 15, 1, 1], [5, 6, 83, 0, 2], [6, 6, 29, 6, 0], [2, 0, 0, 0, 30]]
A2019-NX-01-0042_1_
acc=83.270, loss=0.00606, correct=662, total=795
[[77, 18, 3, 1, 0], [0, 17, 3, 0, 0], [3, 26, 254, 0, 5], [2, 3, 65, 172, 0], [1, 1, 2, 0, 142]]
A2019-NX-01-0064_3_
acc=84.427, loss=0.00639, correct=553, total=655
[[216, 1, 0, 0, 3], [14, 59, 42, 0, 0], [3, 5, 232, 17, 0], [0, 4, 11, 11, 0], [2, 0, 0, 0, 35]]
A2019-NX-01-0072_3_
acc=67.836, loss=0.01726, correct=232, total=342
[[148, 9, 2, 0, 0], [20, 30, 0, 0, 0], [6, 45, 52, 0, 0], [0, 0, 28, 0, 0], [0, 0, 0, 0, 2]]
A2019-NX-01-0118_2_
acc=73.618, loss=0.01051, correct=466, total=633
[[33, 0, 0, 0, 1], [5, 36, 32, 1, 16], [2, 1, 226, 84, 14], [0, 0, 0, 67, 0], [1, 1, 9, 0, 104]]
A2019-NX-01-0157_3_
acc=83.826, loss=0.00765, correct=539, total=643
[[111, 0, 0, 0, 0], [18, 15, 10, 0, 2], [22, 7, 152, 4, 6], [2, 1, 32, 140, 0], [0, 0, 0, 0, 121]]
A2019-NX-01-0176_3_
acc=80.530, loss=0.00785, correct=517, total=642
[[143, 33, 2, 0, 8], [4, 119, 24, 0, 4], [2, 21, 148, 0, 0], [1, 0, 13, 17, 0], [1, 9, 3, 0, 90]]
A2019-NX-01-0193_3_
acc=75.235, loss=0.01060, correct=480, total=638
[[59, 31, 23, 0, 13], [0, 76, 28, 0, 0], [1, 26, 195, 0, 0], [0, 1, 9, 52, 0], [0, 11, 15, 0, 98]]
A2019-NX-01-0201_3_
acc=79.468, loss=0.00795, correct=538, total=677
[[50, 4, 3, 0, 0], [6, 56, 81, 0, 0], [3, 5, 222, 11, 0], [0, 0, 10, 121, 0], [2, 8, 6, 0, 89]]
A2019-NX-01-0206_3_
acc=74.437, loss=0.01098, correct=463, total=622
[[77, 25, 23, 1, 6], [0, 11, 5, 0, 0], [0, 16, 207, 23, 0], [0, 0, 16, 102, 0], [1, 14, 29, 0, 66]]
A2019-NX-01-0216_1_
acc=89.433, loss=0.00584, correct=347, total=388
[[126, 3, 0, 0, 3], [3, 19, 14, 2, 0], [0, 1, 69, 8, 1], [0, 0, 2, 77, 0], [0, 1, 3, 0, 56]]
A2019-NX-01-0259_3_
acc=89.233, loss=0.00493, correct=605, total=678
[[78, 2, 1, 0, 2], [14, 73, 20, 0, 0], [4, 10, 235, 9, 1], [0, 0, 0, 123, 0], [1, 2, 7, 0, 96]]
A2019-NX-01-0271_3_
acc=84.834, loss=0.00634, correct=537, total=633
[[233, 4, 0, 0, 2], [21, 119, 50, 0, 6], [5, 5, 148, 0, 1], [0, 0, 0, 0, 0], [2, 0, 0, 0, 37]]
A2019-NX-01-0277_0_
acc=78.913, loss=0.01123, correct=726, total=920
[[142, 0, 0, 0, 0], [27, 9, 9, 0, 3], [19, 5, 245, 0, 22], [0, 0, 100, 151, 1], [3, 4, 1, 0, 179]]
A2019-NX-01-0281_3_
acc=88.243, loss=0.00508, correct=668, total=757
[[135, 7, 1, 0, 1], [3, 21, 1, 1, 0], [19, 29, 304, 6, 5], [0, 0, 9, 91, 0], [5, 1, 1, 0, 117]]
A2019-NX-01-0284_3_
acc=84.024, loss=0.00654, correct=284, total=338
[[26, 2, 0, 0, 0], [6, 54, 19, 0, 1], [0, 8, 161, 0, 0], [0, 0, 16, 16, 0], [1, 0, 1, 0, 27]]
A2019-NX-01-0288_1_
acc=87.160, loss=0.00586, correct=706, total=810
[[233, 13, 1, 0, 1], [2, 40, 14, 0, 10], [0, 3, 233, 21, 36], [1, 0, 1, 184, 0], [0, 1, 0, 0, 16]]
A2019-NX-01-0292_3_
acc=77.459, loss=0.00847, correct=189, total=244
[[18, 1, 0, 0, 3], [1, 8, 5, 1, 2], [0, 0, 40, 28, 11], [0, 0, 1, 59, 0], [0, 2, 0, 0, 64]]
A2019-NX-01-0299_3_
acc=53.668, loss=0.02745, correct=139, total=259
[[45, 10, 17, 1, 0], [2, 31, 81, 2, 0], [0, 0, 11, 3, 0], [0, 0, 4, 52, 0], [0, 0, 0, 0, 0]]
A2019-NX-01-0310_3_
acc=77.846, loss=0.00830, correct=636, total=817
[[93, 7, 3, 0, 0], [20, 188, 86, 0, 14], [33, 13, 256, 0, 1], [0, 0, 0, 0, 0], [4, 0, 0, 0, 99]]
A2019-NX-01-0322_3_
acc=82.681, loss=0.00677, correct=549, total=664
[[238, 3, 9, 0, 0], [6, 28, 30, 0, 0], [5, 5, 226, 0, 0], [0, 1, 56, 57, 0], [0, 0, 0, 0, 0]]
A2019-NX-01-0325_1_
acc=87.327, loss=0.00537, correct=696, total=797
[[119, 11, 0, 0, 5], [7, 47, 12, 0, 8], [1, 5, 229, 0, 12], [0, 0, 38, 136, 0], [0, 0, 2, 0, 165]]
A2019-NX-01-0333_3_
acc=74.689, loss=0.01051, correct=481, total=644
[[160, 4, 1, 0, 0], [23, 109, 14, 0, 8], [5, 19, 144, 0, 1], [0, 1, 76, 3, 3], [8, 0, 0, 0, 65]]
A2019-NX-01-0348_3_
acc=76.037, loss=0.00891, correct=495, total=651
[[82, 31, 14, 1, 2], [0, 53, 21, 0, 0], [1, 16, 155, 0, 0], [1, 1, 59, 133, 0], [0, 5, 4, 0, 72]]
A2019-NX-01-0351_2_
acc=85.463, loss=0.00564, correct=535, total=626
[[42, 2, 0, 0, 1], [3, 21, 15, 0, 2], [1, 0, 132, 2, 3], [1, 2, 51, 244, 0], [1, 1, 6, 0, 96]]
A2019-NX-01-0386_3_
acc=89.862, loss=0.00449, correct=585, total=651
[[148, 1, 1, 0, 0], [10, 31, 1, 0, 0], [5, 21, 199, 21, 2], [0, 0, 0, 113, 0], [4, 0, 0, 0, 94]]
A2019-NX-01-0396_3_
acc=85.307, loss=0.00555, correct=598, total=701
[[75, 1, 1, 0, 2], [11, 44, 33, 0, 0], [8, 3, 191, 0, 0], [0, 1, 39, 127, 0], [2, 0, 2, 0, 161]]
A2019-NX-01-0419_3_
acc=73.626, loss=0.01349, correct=201, total=273
[[118, 20, 12, 0, 0], [1, 27, 3, 0, 0], [0, 17, 55, 0, 0], [0, 1, 11, 1, 0], [0, 7, 0, 0, 0]]
A2019-NX-01-0431_3_
acc=83.467, loss=0.00593, correct=626, total=750
[[177, 5, 0, 0, 1], [14, 115, 26, 0, 1], [4, 9, 118, 14, 2], [1, 0, 27, 79, 0], [2, 15, 3, 0, 137]]
A2019-NX-01-0435_3_
acc=80.787, loss=0.00714, correct=513, total=635
[[141, 2, 0, 0, 2], [11, 15, 11, 0, 1], [11, 6, 173, 28, 0], [0, 0, 0, 80, 0], [18, 4, 28, 0, 104]]
A2019-NX-01-0445_2_
acc=87.571, loss=0.00444, correct=613, total=700
[[271, 24, 5, 0, 1], [4, 21, 3, 0, 0], [2, 16, 113, 24, 3], [0, 0, 4, 177, 0], [0, 0, 1, 0, 31]]
A2019-NX-01-0452_3_
acc=82.553, loss=0.00780, correct=582, total=705
[[215, 8, 0, 0, 1], [12, 71, 21, 0, 0], [4, 5, 128, 0, 0], [0, 6, 59, 104, 0], [3, 1, 3, 0, 64]]
A2019-NX-01-0482_3_
acc=81.679, loss=0.00736, correct=535, total=655
[[80, 6, 2, 0, 0], [27, 113, 38, 0, 2], [4, 6, 193, 1, 1], [0, 0, 9, 106, 0], [9, 12, 3, 0, 43]]
A2019-NX-01-0505_3_
acc=82.302, loss=0.00691, correct=572, total=695
[[246, 4, 0, 0, 4], [9, 33, 4, 1, 4], [28, 41, 186, 4, 10], [3, 1, 7, 37, 0], [0, 1, 2, 0, 70]]
A2019-NX-01-0528_1_
acc=83.310, loss=0.00709, correct=594, total=713
[[76, 1, 1, 1, 0], [4, 34, 17, 2, 1], [2, 2, 221, 0, 0], [1, 3, 59, 136, 0], [4, 10, 11, 0, 127]]
A2019-NX-01-0536_3_
acc=83.441, loss=0.00633, correct=519, total=622
[[112, 9, 9, 0, 8], [4, 42, 7, 0, 0], [0, 34, 220, 1, 0], [0, 2, 20, 76, 0], [0, 1, 8, 0, 69]]
A2019-NX-01-0541_3_
acc=84.520, loss=0.00707, correct=546, total=646
[[72, 23, 25, 0, 1], [4, 67, 19, 0, 0], [0, 21, 248, 1, 5], [0, 0, 1, 37, 0], [0, 0, 0, 0, 122]]
A2019-NX-01-0544_0_
acc=95.106, loss=0.00218, correct=719, total=756
[[321, 2, 0, 0, 0], [4, 22, 0, 0, 0], [0, 17, 179, 0, 0], [0, 0, 11, 130, 0], [0, 0, 3, 0, 67]]
A2019-NX-01-0556_3_
acc=81.947, loss=0.01145, correct=522, total=637
[[163, 1, 0, 0, 1], [18, 23, 15, 0, 0], [3, 3, 145, 0, 0], [0, 2, 31, 144, 0], [33, 2, 6, 0, 47]]
A2019-NX-01-0563_1_
acc=92.176, loss=0.00333, correct=754, total=818
[[101, 3, 0, 0, 0], [3, 62, 15, 3, 0], [3, 5, 301, 0, 1], [1, 0, 19, 100, 0], [1, 4, 6, 0, 190]]
A2019-NX-01-0565_3_
acc=86.384, loss=0.00754, correct=590, total=683
[[56, 1, 1, 0, 6], [2, 35, 28, 5, 0], [0, 0, 132, 15, 0], [0, 0, 6, 195, 0], [1, 11, 17, 0, 172]]
A2019-NX-01-0575_3_
acc=71.207, loss=0.01400, correct=460, total=646
[[200, 6, 6, 0, 13], [31, 77, 8, 0, 0], [9, 47, 103, 0, 0], [3, 15, 43, 54, 0], [4, 1, 0, 0, 26]]
A2019-NX-01-0582_3_
acc=70.033, loss=0.01172, correct=215, total=307
[[86, 1, 0, 0, 0], [33, 46, 20, 0, 0], [17, 18, 63, 0, 0], [0, 0, 3, 20, 0], [0, 0, 0, 0, 0]]
A2019-NX-01-0587_2_
acc=81.818, loss=0.00626, correct=612, total=748
[[282, 3, 6, 0, 0], [54, 39, 39, 0, 0], [1, 1, 201, 0, 0], [1, 0, 30, 37, 0], [1, 0, 0, 0, 53]]
A2019-NX-01-0597_2_
acc=83.145, loss=0.00659, correct=661, total=795
[[126, 4, 0, 0, 1], [31, 99, 27, 0, 0], [9, 15, 231, 24, 0], [0, 0, 0, 104, 1], [9, 8, 5, 0, 101]]
A2019-NX-01-0619_3_
acc=79.639, loss=0.00711, correct=618, total=776
[[87, 6, 1, 0, 1], [21, 186, 65, 1, 0], [13, 11, 291, 35, 0], [0, 0, 0, 0, 0], [4, 0, 0, 0, 54]]
A2019-NX-01-0634_3_
acc=94.163, loss=0.00323, correct=726, total=771
[[228, 4, 0, 0, 0], [5, 36, 16, 1, 0], [1, 1, 243, 4, 0], [0, 0, 4, 135, 0], [0, 1, 8, 0, 84]]
A2019-NX-01-0640_3_
acc=78.550, loss=0.00790, correct=520, total=662
[[249, 16, 0, 0, 0], [58, 179, 33, 0, 0], [10, 25, 92, 0, 0], [0, 0, 0, 0, 0], [0, 0, 0, 0, 0]]
A2019-NX-01-0648_3_
acc=89.097, loss=0.00551, correct=572, total=642
[[80, 12, 10, 0, 0], [1, 26, 9, 0, 0], [3, 4, 133, 8, 3], [0, 0, 20, 249, 0], [0, 0, 0, 0, 84]]
A2019-NX-01-0654_3_
acc=84.152, loss=0.00643, correct=531, total=631
[[54, 2, 1, 0, 0], [11, 102, 30, 0, 5], [5, 10, 213, 0, 5], [1, 0, 18, 94, 0], [2, 6, 4, 0, 68]]
A2019-NX-01-0664_2_
acc=79.361, loss=0.00856, correct=646, total=814
[[109, 2, 0, 0, 2], [26, 154, 39, 2, 26], [5, 27, 308, 19, 7], [0, 0, 0, 2, 0], [2, 5, 4, 2, 73]]
A2019-NX-01-0708_2_
acc=78.528, loss=0.00678, correct=640, total=815
[[153, 3, 0, 0, 3], [11, 59, 21, 0, 4], [1, 17, 255, 1, 3], [0, 0, 97, 22, 0], [6, 3, 5, 0, 151]]
A2019-NX-01-0711_3_
acc=90.101, loss=0.00418, correct=892, total=990
[[188, 16, 4, 0, 2], [6, 70, 5, 0, 1], [5, 35, 385, 12, 5], [0, 0, 0, 85, 0], [2, 1, 4, 0, 164]]
A2019-NX-01-0722_3_
acc=84.404, loss=0.00649, correct=552, total=654
[[42, 9, 1, 0, 0], [2, 29, 51, 0, 0], [6, 5, 355, 28, 0], [0, 0, 0, 51, 0], [0, 0, 0, 0, 75]]
A2019-NX-01-0827_2_
acc=80.211, loss=0.00812, correct=531, total=662
[[251, 82, 7, 2, 7], [0, 35, 9, 0, 1], [0, 4, 58, 1, 0], [0, 0, 14, 76, 0], [0, 0, 4, 0, 111]]
A2019-NX-01-0835_3_
acc=83.099, loss=0.00721, correct=236, total=284
[[44, 1, 1, 0, 0], [10, 46, 24, 0, 1], [1, 1, 113, 3, 0], [0, 0, 0, 0, 0], [6, 0, 0, 0, 33]]
A2019-NX-01-0852_3_
acc=77.745, loss=0.00818, correct=524, total=674
[[69, 8, 2, 0, 2], [13, 102, 16, 0, 7], [0, 50, 154, 0, 6], [0, 0, 33, 110, 1], [4, 7, 1, 0, 89]]
A2019-NX-01-0865_3_
acc=81.409, loss=0.00643, correct=543, total=667
[[128, 5, 1, 0, 1], [16, 61, 38, 0, 2], [1, 5, 180, 0, 0], [0, 1, 50, 89, 0], [1, 2, 1, 0, 85]]
A2019-NX-01-0867_3_
acc=39.470, loss=0.03410, correct=253, total=641
[[61, 4, 0, 0, 0], [21, 81, 6, 0, 0], [3, 58, 89, 0, 0], [2, 50, 187, 13, 0], [33, 24, 0, 0, 9]]
A2019-NX-01-0883_3_
acc=87.196, loss=0.00596, correct=681, total=781
[[280, 9, 5, 6, 3], [11, 36, 2, 1, 0], [1, 23, 184, 15, 0], [5, 0, 11, 134, 0], [1, 1, 6, 0, 47]]
A2019-NX-01-0886_3_
acc=78.287, loss=0.00858, correct=512, total=654
[[168, 9, 5, 0, 1], [5, 136, 99, 0, 0], [1, 3, 113, 1, 1], [0, 1, 10, 9, 0], [2, 2, 2, 0, 86]]
A2019-NX-01-0898_2_
acc=81.556, loss=0.00698, correct=566, total=694
[[207, 0, 1, 2, 0], [19, 19, 29, 1, 0], [3, 5, 286, 60, 0], [0, 0, 2, 37, 0], [3, 0, 3, 0, 17]]
A2019-NX-01-0903_2_
acc=85.240, loss=0.00562, correct=693, total=813
[[125, 7, 4, 0, 0], [38, 49, 21, 0, 0], [5, 12, 254, 28, 0], [0, 0, 0, 145, 0], [1, 2, 2, 0, 120]]
A2019-NX-01-0908_1_
acc=85.971, loss=0.00592, correct=527, total=613
[[160, 2, 1, 1, 0], [10, 62, 21, 0, 1], [0, 7, 193, 0, 4], [1, 2, 34, 80, 0], [0, 0, 2, 0, 32]]
A2019-NX-01-0916_3_
acc=84.793, loss=0.00577, correct=552, total=651
[[71, 0, 0, 0, 1], [16, 48, 20, 0, 1], [1, 2, 208, 1, 0], [0, 0, 26, 85, 0], [17, 7, 7, 0, 140]]
A2019-NX-01-0923_2_
acc=84.518, loss=0.00517, correct=868, total=1027
[[538, 9, 2, 0, 3], [24, 66, 6, 0, 13], [8, 26, 182, 58, 6], [0, 0, 0, 20, 0], [4, 0, 0, 0, 62]]
A2019-NX-01-0925_1_
acc=93.373, loss=0.00342, correct=620, total=664
[[245, 0, 0, 0, 0], [8, 42, 11, 2, 0], [2, 2, 149, 12, 0], [0, 0, 5, 156, 0], [2, 0, 0, 0, 28]]
A2019-NX-01-0940_2_
acc=89.524, loss=0.00504, correct=564, total=630
[[88, 1, 1, 0, 2], [4, 67, 22, 1, 12], [0, 3, 150, 1, 8], [0, 0, 9, 122, 0], [1, 0, 1, 0, 137]]
A2019-NX-01-0942_3_
acc=87.077, loss=0.00669, correct=566, total=650
[[47, 21, 15, 0, 5], [0, 21, 12, 0, 0], [0, 7, 324, 16, 0], [0, 0, 2, 67, 0], [1, 1, 4, 0, 107]]
A2019-NX-01-0957_2_
acc=89.255, loss=0.00423, correct=731, total=819
[[177, 4, 6, 1, 0], [15, 29, 20, 4, 0], [6, 4, 285, 20, 0], [0, 0, 2, 139, 0], [0, 2, 4, 0, 101]]
A2019-NX-01-0970_3_
acc=78.623, loss=0.00888, correct=651, total=828
[[272, 10, 5, 0, 0], [3, 35, 6, 0, 0], [3, 39, 152, 0, 2], [2, 4, 88, 110, 0], [15, 0, 0, 0, 82]]
A2019-NX-01-0987_1_
acc=91.597, loss=0.00319, correct=545, total=595
[[69, 3, 0, 0, 1], [7, 42, 2, 1, 1], [1, 7, 89, 4, 5], [0, 0, 17, 264, 0], [1, 0, 0, 0, 81]]
A2019-NX-01-0988_1_
acc=76.615, loss=0.01264, correct=498, total=650
[[274, 12, 1, 0, 2], [22, 73, 103, 0, 3], [0, 1, 31, 7, 0], [0, 0, 0, 79, 0], [0, 1, 0, 0, 41]]
A2019-NX-01-1009_1_
acc=86.784, loss=0.00518, correct=788, total=908
[[62, 5, 3, 0, 5], [0, 12, 2, 0, 3], [4, 8, 244, 16, 15], [0, 1, 50, 169, 1], [2, 0, 5, 0, 301]]
A2019-NX-01-1012_2_
acc=75.286, loss=0.00960, correct=329, total=437
[[148, 8, 0, 0, 0], [18, 82, 80, 0, 0], [1, 0, 85, 0, 0], [0, 0, 1, 14, 0], [0, 0, 0, 0, 0]]
A2019-NX-01-1022_3_
acc=81.350, loss=0.00682, correct=506, total=622
[[100, 9, 5, 0, 1], [4, 81, 82, 0, 0], [3, 1, 206, 1, 0], [0, 0, 3, 38, 0], [1, 5, 1, 0, 81]]
A2019-NX-01-1023_2_
acc=83.475, loss=0.00638, correct=591, total=708
[[410, 0, 0, 0, 0], [34, 46, 1, 0, 0], [7, 36, 41, 0, 0], [1, 0, 22, 94, 0], [14, 2, 0, 0, 0]]
A2019-NX-01-1024_3_
acc=77.510, loss=0.01107, correct=193, total=249
[[30, 0, 1, 0, 0], [2, 32, 13, 3, 6], [0, 1, 60, 11, 4], [1, 2, 10, 54, 0], [0, 1, 1, 0, 17]]
A2019-NX-01-1029_2_
acc=89.375, loss=0.00417, correct=572, total=640
[[104, 2, 0, 0, 2], [9, 37, 2, 1, 0], [2, 8, 160, 2, 2], [0, 0, 32, 100, 0], [6, 0, 0, 0, 171]]
A2019-NX-01-1067_0_
acc=74.295, loss=0.01172, correct=685, total=922
[[133, 8, 7, 0, 16], [6, 35, 10, 0, 9], [2, 13, 161, 0, 10], [0, 0, 104, 154, 0], [2, 25, 25, 0, 202]]
A2019-NX-01-1070_0_
acc=79.826, loss=0.00867, correct=641, total=803
[[80, 4, 5, 0, 0], [4, 48, 46, 3, 0], [3, 11, 207, 17, 0], [2, 0, 3, 169, 0], [3, 30, 31, 0, 137]]
A2019-NX-01-1079_3_
acc=85.787, loss=0.00582, correct=670, total=781
[[48, 3, 3, 0, 0], [5, 79, 29, 0, 0], [8, 13, 255, 36, 12], [0, 0, 0, 55, 0], [0, 0, 2, 0, 233]]
A2019-NX-01-1081_3_
acc=91.121, loss=0.00431, correct=431, total=473
[[221, 11, 3, 0, 0], [4, 93, 10, 0, 0], [3, 11, 117, 0, 0], [0, 0, 0, 0, 0], [0, 0, 0, 0, 0]]
A2019-NX-01-1097_2_
acc=90.108, loss=0.00391, correct=665, total=738
[[306, 0, 0, 0, 0], [17, 53, 12, 0, 0], [1, 7, 119, 0, 0], [0, 0, 29, 109, 0], [1, 0, 6, 0, 78]]
A2019-NX-01-1102_2_
acc=90.445, loss=0.00442, correct=549, total=607
[[94, 2, 1, 0, 0], [8, 73, 8, 0, 0], [8, 9, 208, 3, 1], [0, 0, 12, 118, 0], [4, 0, 2, 0, 56]]
A2019-NX-01-1126_3_
acc=82.035, loss=0.00655, correct=516, total=629
[[30, 1, 0, 0, 0], [2, 84, 59, 9, 0], [1, 0, 175, 18, 2], [0, 0, 15, 80, 0], [0, 1, 5, 0, 147]]
A2019-NX-01-1134_0_
acc=71.875, loss=0.01160, correct=644, total=896
[[86, 4, 0, 0, 14], [6, 9, 3, 0, 9], [123, 5, 329, 1, 4], [69, 0, 4, 33, 0], [3, 0, 7, 0, 187]]
A2019-NX-01-1151_2_
acc=85.319, loss=0.00583, correct=616, total=722
[[213, 4, 3, 0, 0], [6, 14, 23, 0, 1], [2, 1, 177, 0, 2], [1, 0, 49, 102, 0], [4, 3, 7, 0, 110]]
A2019-NX-01-1154_3_
acc=75.791, loss=0.00823, correct=479, total=632
[[105, 2, 0, 0, 3], [12, 44, 33, 1, 5], [0, 6, 118, 78, 4], [0, 0, 5, 80, 0], [2, 0, 2, 0, 132]]
A2019-NX-01-1159_1_
acc=91.139, loss=0.00481, correct=720, total=790
[[56, 5, 0, 0, 0], [4, 35, 17, 0, 0], [0, 0, 354, 6, 0], [0, 1, 12, 123, 0], [0, 15, 10, 0, 152]]
A2019-NX-01-1171_0_
acc=71.875, loss=0.01130, correct=483, total=672
[[124, 4, 0, 0, 0], [21, 55, 39, 2, 0], [4, 13, 105, 92, 0], [0, 0, 0, 94, 0], [1, 2, 9, 2, 105]]
A2019-NX-01-1178_2_
acc=95.000, loss=0.00242, correct=570, total=600
[[221, 0, 1, 0, 0], [4, 41, 13, 0, 0], [0, 4, 127, 4, 0], [0, 0, 3, 145, 0], [0, 0, 1, 0, 36]]
A2019-NX-01-1193_3_
acc=74.415, loss=0.01086, correct=477, total=641
[[56, 5, 1, 0, 1], [10, 51, 77, 11, 3], [2, 5, 150, 23, 1], [1, 3, 14, 133, 0], [3, 1, 3, 0, 87]]
A2019-NX-01-1214_2_
acc=74.702, loss=0.01098, correct=502, total=672
[[271, 73, 11, 0, 2], [0, 67, 77, 1, 0], [0, 0, 61, 2, 0], [0, 1, 3, 74, 0], [0, 0, 0, 0, 29]]
A2019-NX-01-1216_3_
acc=74.710, loss=0.00999, correct=644, total=862
[[296, 16, 5, 1, 1], [19, 58, 3, 0, 0], [6, 96, 126, 0, 8], [0, 3, 52, 73, 1], [7, 0, 0, 0, 91]]
A2019-NX-01-1220_3_
acc=85.380, loss=0.00703, correct=146, total=171
[[39, 0, 0, 0, 0], [9, 60, 8, 0, 0], [1, 7, 47, 0, 0], [0, 0, 0, 0, 0], [0, 0, 0, 0, 0]]
A2019-NX-01-1225_3_
acc=81.269, loss=0.00718, correct=525, total=646
[[178, 4, 0, 0, 2], [13, 79, 36, 1, 0], [4, 6, 148, 50, 2], [0, 0, 0, 60, 0], [1, 0, 2, 0, 60]]
A2019-NX-01-1228_0_
acc=83.361, loss=0.01011, correct=501, total=601
[[24, 9, 28, 0, 11], [0, 1, 25, 3, 1], [0, 0, 229, 13, 7], [0, 0, 3, 140, 0], [0, 0, 0, 0, 107]]
A2019-NX-01-1229_3_
acc=85.697, loss=0.00559, correct=701, total=818
[[150, 1, 1, 0, 5], [29, 56, 10, 0, 1], [8, 14, 291, 28, 0], [0, 1, 16, 84, 0], [0, 2, 1, 0, 120]]
A2019-NX-01-1239_3_
acc=81.032, loss=0.00753, correct=534, total=659
[[73, 1, 6, 0, 12], [23, 79, 49, 0, 1], [2, 6, 248, 0, 0], [0, 1, 23, 64, 0], [0, 0, 1, 0, 70]]
A2019-NX-01-1245_2_
acc=91.597, loss=0.00423, correct=763, total=833
[[246, 3, 3, 0, 1], [4, 27, 0, 0, 3], [1, 15, 152, 1, 2], [0, 1, 36, 296, 0], [0, 0, 0, 0, 42]]
A2019-NX-01-1256_2_
acc=89.349, loss=0.00501, correct=604, total=676
[[177, 6, 0, 0, 0], [23, 39, 13, 1, 7], [0, 4, 166, 11, 3], [0, 0, 4, 195, 0], [0, 0, 0, 0, 27]]
A2019-NX-01-1257_1_
acc=81.530, loss=0.00717, correct=618, total=758
[[18, 0, 1, 2, 0], [2, 9, 1, 0, 0], [1, 11, 224, 7, 0], [0, 0, 84, 205, 0], [0, 0, 31, 0, 162]]
A2019-NX-01-1261_3_
acc=79.870, loss=0.00834, correct=492, total=616
[[19, 1, 1, 0, 0], [7, 32, 19, 1, 1], [8, 3, 192, 76, 5], [0, 0, 0, 148, 0], [0, 0, 2, 0, 101]]
A2019-NX-01-1264_3_
acc=67.391, loss=0.01311, correct=434, total=644
[[95, 53, 11, 0, 10], [0, 154, 93, 1, 5], [3, 4, 101, 16, 5], [0, 0, 0, 56, 0], [0, 6, 3, 0, 28]]
A2019-NX-01-1265_3_
acc=74.201, loss=0.00911, correct=604, total=814
[[192, 7, 1, 0, 1], [73, 243, 42, 0, 0], [32, 40, 129, 0, 0], [0, 0, 0, 0, 0], [11, 3, 0, 0, 40]]
A2019-NX-01-1268_0_
acc=84.949, loss=0.00629, correct=666, total=784
[[223, 5, 3, 0, 0], [8, 36, 5, 0, 1], [1, 0, 121, 1, 16], [1, 0, 75, 228, 0], [0, 0, 2, 0, 58]]
A2019-NX-01-1269_1_
acc=87.382, loss=0.00549, correct=554, total=634
[[91, 1, 0, 0, 4], [12, 30, 10, 4, 0], [4, 5, 169, 15, 0], [1, 2, 15, 185, 0], [3, 2, 2, 0, 79]]
A2019-NX-01-1280_3_
acc=83.949, loss=0.00630, correct=523, total=623
[[75, 2, 1, 0, 1], [7, 116, 43, 1, 0], [3, 14, 172, 5, 0], [1, 2, 15, 61, 0], [2, 2, 1, 0, 99]]
A2019-NX-01-1287_0_
acc=84.370, loss=0.00623, correct=556, total=659
[[35, 6, 6, 0, 2], [0, 20, 31, 1, 4], [0, 1, 255, 42, 6], [0, 0, 0, 97, 0], [1, 1, 2, 0, 149]]
A2019-NX-01-1300_3_
acc=82.579, loss=0.00766, correct=602, total=729
[[185, 8, 0, 0, 3], [6, 142, 33, 0, 10], [4, 49, 195, 2, 4], [0, 0, 0, 11, 0], [5, 1, 2, 0, 69]]
A2019-NX-01-1318_3_
acc=64.179, loss=0.01398, correct=129, total=201
[[33, 1, 0, 0, 0], [10, 27, 21, 0, 0], [0, 0, 26, 1, 0], [1, 3, 35, 43, 0], [0, 0, 0, 0, 0]]
A2019-NX-01-1323_1_
acc=82.695, loss=0.00661, correct=540, total=653
[[52, 5, 3, 0, 3], [0, 17, 10, 0, 3], [0, 5, 196, 8, 0], [0, 1, 56, 199, 0], [2, 4, 13, 0, 76]]
A2019-NX-01-1324_3_
acc=69.032, loss=0.01222, correct=428, total=620
[[114, 3, 0, 0, 0], [58, 53, 22, 0, 3], [31, 11, 173, 30, 4], [0, 0, 0, 27, 0], [26, 1, 3, 0, 61]]
A2019-NX-01-1328_2_
acc=91.963, loss=0.00368, correct=595, total=647
[[270, 0, 0, 0, 0], [4, 8, 2, 0, 0], [0, 18, 127, 8, 0], [1, 0, 10, 142, 0], [1, 4, 2, 2, 48]]
A2019-NX-01-1334_3_
acc=81.832, loss=0.00723, correct=527, total=644
[[198, 5, 1, 0, 3], [26, 71, 20, 0, 1], [5, 7, 167, 47, 0], [1, 0, 0, 34, 0], [0, 0, 1, 0, 57]]
A2019-NX-01-1350_3_
acc=81.646, loss=0.00715, correct=516, total=632
[[57, 6, 10, 0, 13], [1, 20, 6, 0, 0], [3, 7, 264, 2, 3], [0, 0, 52, 79, 0], [0, 3, 10, 0, 96]]
A2019-NX-01-1356_3_
acc=83.811, loss=0.00596, correct=673, total=803
[[202, 8, 1, 0, 0], [15, 116, 48, 0, 0], [5, 10, 216, 3, 0], [0, 0, 18, 67, 0], [6, 7, 9, 0, 72]]
A2019-NX-01-1367_3_
acc=85.755, loss=0.00539, correct=602, total=702
[[109, 9, 0, 0, 1], [27, 64, 21, 0, 0], [16, 11, 290, 14, 1], [0, 0, 0, 59, 0], [0, 0, 0, 0, 80]]
A2019-NX-01-1379_1_
acc=81.129, loss=0.00767, correct=589, total=726
[[45, 2, 1, 0, 0], [7, 41, 29, 1, 0], [9, 4, 250, 65, 2], [0, 0, 0, 118, 0], [1, 1, 15, 0, 135]]
A2019-NX-01-1397_2_
acc=81.395, loss=0.00756, correct=525, total=645
[[70, 1, 0, 0, 1], [19, 31, 13, 0, 0], [9, 11, 163, 0, 5], [2, 1, 26, 111, 0], [16, 8, 8, 0, 150]]
A2019-NX-01-1398_0_
acc=89.850, loss=0.00429, correct=540, total=601
[[55, 0, 0, 0, 1], [15, 29, 3, 0, 0], [3, 7, 165, 0, 0], [0, 0, 21, 186, 0], [0, 2, 9, 0, 105]]
A2019-NX-01-1399_3_
acc=85.224, loss=0.00643, correct=571, total=670
[[118, 18, 3, 1, 14], [1, 48, 37, 0, 0], [2, 5, 123, 4, 0], [0, 0, 5, 111, 0], [1, 1, 7, 0, 171]]
A2019-NX-01-1409_2_
acc=91.366, loss=0.00400, correct=582, total=637
[[46, 1, 1, 0, 0], [8, 44, 21, 0, 2], [1, 1, 229, 15, 1], [0, 0, 3, 123, 0], [1, 0, 0, 0, 140]]
A2019-NX-01-1426_3_
acc=78.677, loss=0.00887, correct=583, total=741
[[177, 12, 10, 0, 4], [15, 77, 101, 1, 2], [0, 0, 144, 11, 0], [0, 0, 1, 73, 0], [1, 0, 0, 0, 112]]
A2019-NX-01-1427_2_
acc=87.990, loss=0.00542, correct=696, total=791
[[255, 7, 5, 0, 0], [3, 25, 6, 0, 0], [1, 9, 206, 0, 0], [0, 0, 54, 157, 0], [6, 0, 4, 0, 53]]
A2019-NX-01-1443_3_
acc=83.438, loss=0.00600, correct=267, total=320
[[130, 6, 0, 0, 0], [17, 69, 20, 0, 0], [6, 3, 68, 1, 0], [0, 0, 0, 0, 0], [0, 0, 0, 0, 0]]
A2019-NX-01-1456_3_
acc=81.981, loss=0.00619, correct=505, total=616
[[166, 2, 3, 0, 7], [25, 25, 13, 0, 2], [9, 10, 192, 33, 2], [0, 0, 0, 65, 0], [4, 1, 0, 0, 57]]
A2019-NX-01-1490_2_
acc=82.280, loss=0.00659, correct=534, total=649
[[137, 11, 8, 0, 0], [11, 59, 72, 2, 0], [0, 2, 224, 6, 0], [1, 0, 1, 56, 0], [1, 0, 0, 0, 58]]
A2019-NX-01-1504_3_
acc=93.350, loss=0.00310, correct=758, total=812
[[241, 4, 1, 0, 3], [2, 22, 16, 1, 0], [0, 0, 180, 14, 0], [2, 1, 6, 173, 0], [1, 0, 3, 0, 142]]
A2019-NX-01-1505_3_
acc=80.093, loss=0.00572, correct=519, total=648
[[57, 10, 0, 0, 3], [3, 72, 18, 0, 0], [5, 14, 258, 68, 0], [0, 0, 4, 3, 0], [2, 0, 2, 0, 129]]
A2019-NX-01-1509_2_
acc=83.450, loss=0.00893, correct=595, total=713
[[198, 4, 5, 0, 0], [3, 11, 3, 0, 0], [2, 24, 167, 0, 0], [3, 3, 41, 127, 0], [0, 6, 24, 0, 92]]
A2019-NX-01-1510_3_
acc=76.382, loss=0.01462, correct=304, total=398
[[184, 3, 8, 0, 0], [1, 9, 57, 12, 1], [0, 1, 35, 6, 0], [0, 0, 0, 18, 0], [0, 0, 5, 0, 58]]
A2019-NX-01-1520_2_
acc=81.832, loss=0.00859, correct=536, total=655
[[143, 2, 0, 0, 5], [17, 44, 12, 2, 7], [0, 4, 160, 68, 2], [0, 0, 0, 125, 0], [0, 0, 0, 0, 64]]
A2019-NX-01-1527_3_
acc=80.714, loss=0.00712, correct=565, total=700
[[328, 3, 3, 0, 0], [57, 105, 38, 0, 1], [10, 2, 73, 1, 1], [0, 0, 10, 37, 0], [3, 3, 3, 0, 22]]
A2019-NX-01-1540_3_
acc=78.571, loss=0.00950, correct=495, total=630
[[95, 48, 42, 0, 7], [0, 32, 14, 0, 0], [0, 8, 220, 3, 0], [0, 1, 8, 107, 0], [0, 0, 4, 0, 41]]
A2019-NX-01-1544_3_
acc=79.936, loss=0.00837, correct=498, total=623
[[29, 3, 4, 0, 2], [1, 86, 24, 0, 8], [7, 16, 224, 43, 6], [0, 1, 8, 46, 0], [2, 0, 0, 0, 113]]
A2019-NX-01-1569_3_
acc=74.116, loss=0.00971, correct=461, total=622
[[101, 3, 0, 0, 0], [39, 174, 69, 0, 0], [8, 7, 126, 0, 0], [0, 4, 17, 0, 0], [5, 6, 3, 0, 60]]
A2019-NX-01-1580_3_
acc=76.900, loss=0.00806, correct=506, total=658
[[35, 3, 1, 0, 6], [7, 47, 20, 0, 3], [0, 14, 232, 81, 8], [0, 0, 0, 49, 0], [5, 1, 3, 0, 143]]
A2019-NX-01-1587_3_
acc=87.719, loss=0.00547, correct=550, total=627
[[69, 5, 9, 0, 7], [5, 16, 20, 1, 4], [6, 1, 236, 13, 0], [0, 0, 0, 163, 0], [6, 0, 0, 0, 66]]
A2019-NX-01-1589_1_
acc=84.934, loss=0.00590, correct=575, total=677
[[158, 1, 1, 0, 0], [9, 57, 8, 0, 0], [2, 18, 143, 0, 0], [3, 2, 58, 151, 0], [0, 0, 0, 0, 66]]
A2019-NX-01-1601_3_
acc=82.792, loss=0.00592, correct=688, total=831
[[103, 7, 3, 0, 12], [4, 78, 13, 0, 0], [16, 62, 379, 0, 1], [1, 0, 12, 7, 0], [1, 7, 4, 0, 121]]
A2019-NX-01-1608_1_
acc=88.760, loss=0.00473, correct=687, total=774
[[183, 5, 4, 0, 1], [15, 28, 29, 0, 0], [9, 4, 214, 8, 7], [0, 0, 3, 186, 0], [2, 0, 0, 0, 76]]
A2019-NX-01-1620_1_
acc=76.299, loss=0.01292, correct=602, total=789
[[108, 0, 0, 0, 0], [23, 39, 10, 0, 0], [7, 25, 235, 0, 1], [2, 1, 80, 83, 0], [22, 11, 5, 0, 137]]
A2019-NX-01-1625_1_
acc=88.793, loss=0.00520, correct=721, total=812
[[54, 6, 3, 0, 0], [1, 34, 40, 0, 0], [1, 8, 365, 1, 0], [0, 2, 12, 132, 0], [2, 4, 11, 0, 136]]
A2019-NX-01-1628_1_
acc=80.153, loss=0.00961, correct=525, total=655
[[93, 1, 2, 0, 2], [5, 34, 5, 0, 7], [1, 13, 154, 0, 11], [1, 5, 72, 151, 2], [3, 0, 0, 0, 93]]
A2019-NX-01-1634_3_
acc=76.741, loss=0.00863, correct=485, total=632
[[120, 5, 0, 0, 0], [11, 61, 26, 0, 0], [11, 18, 142, 54, 2], [0, 0, 0, 88, 0], [6, 9, 5, 0, 74]]
A2019-NX-01-1638_3_
acc=88.179, loss=0.00417, correct=731, total=829
[[19, 2, 0, 0, 7], [2, 29, 25, 0, 1], [5, 12, 393, 29, 5], [0, 0, 0, 118, 0], [3, 3, 4, 0, 172]]
A2019-NX-01-1640_3_
acc=88.084, loss=0.00522, correct=547, total=621
[[107, 17, 3, 0, 20], [1, 15, 6, 0, 0], [0, 5, 216, 2, 1], [0, 0, 15, 92, 0], [0, 0, 4, 0, 117]]
A2020-NX-01-0006_3_
acc=73.718, loss=0.01230, correct=575, total=780
[[220, 19, 23, 0, 6], [7, 49, 4, 0, 0], [5, 35, 201, 0, 1], [0, 1, 58, 45, 0], [7, 19, 20, 0, 60]]
A2020-NX-01-0007_3_
acc=85.947, loss=0.00561, correct=685, total=797
[[137, 26, 17, 0, 20], [1, 24, 9, 0, 1], [0, 23, 316, 3, 0], [0, 0, 3, 63, 0], [0, 3, 6, 0, 145]]
A2020-NX-01-0010_3_
acc=73.157, loss=0.01181, correct=635, total=868
[[87, 0, 5, 0, 0], [29, 26, 10, 0, 0], [7, 8, 330, 0, 5], [3, 0, 111, 46, 0], [50, 5, 0, 0, 146]]
A2020-NX-01-0017_3_
acc=73.232, loss=0.01033, correct=580, total=792
[[225, 76, 26, 0, 18], [1, 86, 2, 0, 7], [2, 48, 99, 0, 8], [0, 2, 22, 117, 0], [0, 0, 0, 0, 53]]
A2020-NX-01-0024_3_
acc=82.170, loss=0.00725, correct=659, total=802
[[167, 25, 5, 0, 11], [5, 170, 52, 0, 2], [1, 2, 138, 2, 0], [0, 0, 12, 68, 0], [3, 20, 3, 0, 116]]
A2020-NX-01-0028_1_
acc=82.338, loss=0.00734, correct=662, total=804
[[130, 6, 0, 0, 0], [9, 71, 8, 0, 0], [4, 23, 260, 0, 5], [0, 0, 41, 74, 0], [9, 19, 18, 0, 127]]
A2020-NX-01-0030_3_
acc=79.975, loss=0.00768, correct=635, total=794
[[207, 53, 17, 0, 15], [1, 67, 3, 0, 1], [0, 52, 239, 0, 0], [0, 0, 11, 40, 0], [0, 3, 3, 0, 82]]
A2020-NX-01-0050_3_
acc=80.153, loss=0.00674, correct=630, total=786
[[114, 1, 0, 0, 3], [27, 57, 11, 0, 6], [7, 23, 277, 55, 12], [0, 0, 0, 48, 0], [11, 0, 0, 0, 134]]
A2020-NX-01-0063_2_
acc=90.104, loss=0.00366, correct=692, total=768
[[259, 5, 3, 0, 0], [14, 68, 15, 0, 4], [1, 13, 328, 10, 11], [0, 0, 0, 0, 0], [0, 0, 0, 0, 37]]
A2020-NX-01-0068_3_
acc=88.546, loss=0.00448, correct=688, total=777
[[44, 6, 4, 0, 3], [3, 50, 19, 0, 7], [1, 3, 483, 35, 0], [0, 0, 0, 0, 0], [4, 2, 2, 0, 111]]
A2020-NX-01-0083_0_
acc=95.051, loss=0.00255, correct=749, total=788
[[245, 2, 0, 0, 0], [7, 8, 4, 0, 0], [1, 0, 86, 17, 2], [0, 0, 2, 282, 4], [0, 0, 0, 0, 128]]
A2020-NX-01-0089_1_
acc=87.030, loss=0.00500, correct=671, total=771
[[122, 2, 0, 0, 1], [7, 32, 5, 0, 8], [11, 16, 313, 27, 10], [0, 0, 3, 93, 0], [10, 0, 0, 0, 111]]
A2020-NX-01-0095_3_
acc=76.197, loss=0.01184, correct=589, total=773
[[343, 2, 0, 0, 0], [77, 84, 8, 0, 1], [6, 17, 50, 0, 0], [0, 0, 15, 19, 0], [46, 12, 0, 0, 93]]
A2020-NX-01-0096_3_
acc=82.100, loss=0.00692, correct=610, total=743
[[132, 11, 1, 0, 2], [7, 133, 20, 0, 1], [1, 70, 277, 0, 1], [1, 0, 0, 12, 0], [5, 10, 3, 0, 56]]
A2020-NX-01-0103_0_
acc=78.745, loss=0.00847, correct=615, total=781
[[45, 1, 0, 0, 0], [9, 15, 10, 0, 0], [5, 7, 389, 6, 7], [0, 0, 117, 66, 0], [1, 0, 3, 0, 100]]
A2020-NX-01-0109_3_
acc=72.396, loss=0.01154, correct=556, total=768
[[199, 0, 2, 0, 0], [82, 26, 33, 0, 0], [27, 13, 213, 20, 0], [0, 0, 1, 52, 0], [26, 4, 4, 0, 66]]
A2020-NX-01-0112_1_
acc=89.883, loss=0.00421, correct=693, total=771
[[37, 2, 2, 1, 0], [6, 40, 22, 0, 0], [0, 5, 271, 0, 1], [0, 2, 36, 174, 0], [0, 0, 1, 0, 171]]
A2020-NX-01-0126_1_
acc=84.250, loss=0.00821, correct=674, total=800
[[143, 0, 0, 0, 1], [11, 33, 7, 0, 4], [1, 12, 231, 0, 8], [1, 2, 75, 67, 0], [2, 0, 2, 0, 200]]
A2020-NX-01-0129_3_
acc=88.874, loss=0.00476, correct=679, total=764
[[184, 5, 1, 0, 0], [8, 75, 17, 0, 6], [3, 10, 236, 2, 5], [0, 0, 24, 110, 0], [1, 2, 1, 0, 74]]
A2020-NX-01-0134_2_
acc=78.499, loss=0.00821, correct=617, total=786
[[270, 17, 3, 0, 4], [18, 37, 42, 0, 0], [1, 5, 247, 0, 0], [0, 0, 17, 0, 0], [29, 27, 6, 0, 63]]
A2020-NX-01-0153_0_
acc=90.731, loss=0.00370, correct=695, total=766
[[27, 2, 0, 0, 6], [7, 55, 6, 0, 8], [0, 21, 242, 9, 3], [0, 0, 5, 182, 0], [0, 1, 3, 0, 189]]
A2020-NX-01-0159_2_
acc=87.060, loss=0.00502, correct=693, total=796
[[214, 13, 1, 0, 0], [3, 26, 7, 0, 2], [8, 17, 192, 31, 5], [1, 0, 2, 217, 0], [0, 4, 9, 0, 44]]
A2020-NX-01-0170_0_
acc=91.823, loss=0.00286, correct=685, total=746
[[213, 0, 0, 0, 0], [11, 21, 1, 0, 1], [1, 1, 172, 0, 0], [1, 1, 34, 162, 0], [2, 3, 5, 0, 117]]
A2020-NX-01-0211_1_
acc=91.035, loss=0.00422, correct=721, total=792
[[212, 1, 2, 0, 2], [19, 27, 8, 0, 2], [3, 12, 202, 0, 11], [0, 1, 9, 164, 0], [1, 0, 0, 0, 116]]
A2020-NX-01-0222_3_
acc=86.369, loss=0.00526, correct=678, total=785
[[223, 8, 4, 0, 0], [9, 132, 59, 0, 1], [1, 8, 205, 0, 0], [0, 0, 14, 40, 0], [2, 0, 1, 0, 78]]
A2020-NX-01-0224_3_
acc=79.894, loss=0.00739, correct=604, total=756
[[135, 4, 5, 0, 9], [29, 129, 11, 0, 16], [4, 20, 110, 0, 12], [0, 0, 42, 110, 0], [0, 0, 0, 0, 120]]
A2020-NX-01-0226_1_
acc=90.199, loss=0.00388, correct=681, total=755
[[110, 7, 0, 0, 13], [11, 40, 8, 0, 1], [4, 10, 227, 11, 2], [0, 0, 3, 117, 0], [3, 0, 1, 0, 187]]
A2020-NX-01-0230_2_
acc=84.218, loss=0.00654, correct=603, total=716
[[99, 12, 2, 0, 8], [3, 28, 5, 0, 3], [2, 16, 191, 0, 18], [0, 0, 44, 178, 0], [0, 0, 0, 0, 107]]
A2020-NX-01-0251_3_
acc=77.556, loss=0.00887, correct=622, total=802
[[105, 5, 2, 0, 5], [22, 27, 36, 1, 23], [8, 4, 252, 34, 11], [0, 0, 0, 195, 0], [22, 2, 5, 0, 43]]
A2020-NX-01-0265_3_
acc=84.052, loss=0.00550, correct=643, total=765
[[283, 5, 0, 0, 0], [18, 102, 12, 0, 2], [7, 43, 185, 0, 2], [0, 0, 24, 1, 0], [5, 1, 3, 0, 72]]
A2020-NX-01-0268_2_
acc=84.987, loss=0.00569, correct=634, total=746
[[175, 0, 2, 0, 2], [8, 45, 3, 0, 1], [9, 26, 257, 0, 5], [0, 3, 49, 86, 0], [0, 1, 3, 0, 71]]
A2020-NX-01-0273_3_
acc=89.642, loss=0.00493, correct=701, total=782
[[127, 2, 2, 0, 1], [10, 101, 11, 0, 2], [0, 18, 175, 0, 6], [1, 0, 24, 155, 0], [4, 0, 0, 0, 143]]
A2020-NX-01-0288_1_
acc=90.347, loss=0.00403, correct=702, total=777
[[279, 1, 1, 0, 5], [12, 28, 25, 0, 0], [7, 3, 146, 2, 0], [2, 0, 13, 156, 0], [0, 1, 3, 0, 93]]
A2020-NX-01-0308_3_
acc=87.452, loss=0.00466, correct=690, total=789
[[288, 28, 3, 0, 0], [1, 61, 8, 0, 0], [2, 43, 197, 0, 1], [0, 1, 6, 99, 0], [3, 3, 0, 0, 45]]
A2020-NX-01-0309_3_
acc=85.046, loss=0.00593, correct=654, total=769
[[185, 1, 4, 0, 0], [21, 31, 22, 0, 1], [6, 16, 253, 28, 3], [0, 1, 2, 46, 0], [8, 0, 2, 0, 139]]
A2020-NX-01-0314_3_
acc=86.933, loss=0.00522, correct=652, total=750
[[94, 1, 5, 0, 8], [5, 21, 2, 0, 0], [9, 15, 329, 27, 3], [0, 0, 0, 95, 0], [6, 2, 15, 0, 113]]
A2020-NX-01-0322_1_
acc=91.853, loss=0.00382, correct=699, total=761
[[216, 2, 0, 0, 4], [2, 1, 1, 0, 0], [0, 3, 224, 11, 13], [0, 1, 15, 175, 0], [0, 2, 8, 0, 83]]
A2020-NX-01-0329_2_
acc=82.746, loss=0.00642, correct=681, total=823
[[94, 5, 1, 0, 1], [16, 63, 29, 0, 1], [0, 22, 316, 3, 2], [0, 0, 17, 71, 0], [23, 11, 11, 0, 137]]
A2020-NX-01-0352_2_
acc=91.979, loss=0.00378, correct=688, total=748
[[85, 3, 0, 1, 1], [3, 25, 24, 0, 0], [1, 4, 270, 0, 4], [0, 0, 10, 138, 0], [3, 1, 5, 0, 170]]
A2020-NX-01-0354_3_
acc=88.801, loss=0.00460, correct=674, total=759
[[65, 7, 6, 1, 14], [1, 18, 8, 0, 0], [0, 9, 285, 20, 1], [0, 0, 13, 132, 0], [0, 1, 4, 0, 174]]
A2020-NX-01-0359_0_
acc=88.125, loss=0.00572, correct=705, total=800
[[105, 1, 7, 0, 7], [4, 11, 6, 0, 6], [3, 11, 336, 1, 5], [1, 0, 28, 92, 0], [3, 1, 11, 0, 161]]
A2020-NX-01-0360_2_
acc=87.963, loss=0.00473, correct=665, total=756
[[66, 7, 1, 0, 1], [2, 39, 35, 0, 0], [1, 4, 196, 1, 3], [1, 0, 12, 190, 0], [6, 5, 12, 0, 174]]
A2020-NX-01-0365_1_
acc=87.223, loss=0.00480, correct=669, total=767
[[81, 24, 2, 1, 2], [2, 32, 5, 0, 1], [0, 28, 201, 14, 9], [1, 1, 3, 196, 0], [0, 0, 4, 1, 159]]
A2020-NX-01-0368_3_
acc=80.397, loss=0.00760, correct=607, total=755
[[94, 9, 2, 0, 2], [21, 145, 50, 0, 1], [2, 7, 121, 0, 0], [0, 2, 41, 93, 0], [2, 6, 3, 0, 154]]
A2020-NX-01-0373_1_
acc=88.725, loss=0.00437, correct=724, total=816
[[49, 2, 1, 0, 5], [4, 10, 12, 0, 1], [4, 1, 265, 0, 0], [0, 0, 56, 188, 0], [3, 1, 2, 0, 212]]
A2020-NX-01-0382_3_
acc=86.316, loss=0.00499, correct=656, total=760
[[211, 4, 5, 0, 1], [13, 56, 40, 7, 0], [2, 3, 99, 12, 0], [1, 0, 10, 174, 0], [0, 1, 5, 0, 116]]
A2020-NX-01-0386_3_
acc=86.911, loss=0.00530, correct=664, total=764
[[156, 11, 4, 0, 4], [13, 133, 14, 0, 0], [5, 33, 221, 0, 0], [0, 0, 2, 38, 0], [7, 5, 2, 0, 116]]
A2020-NX-01-0388_2_
acc=82.162, loss=0.00661, correct=608, total=740
[[65, 4, 1, 0, 0], [11, 23, 5, 0, 0], [10, 53, 274, 0, 9], [1, 0, 28, 150, 0], [1, 8, 1, 0, 96]]
A2020-NX-01-0397_2_
acc=90.864, loss=0.00393, correct=736, total=810
[[410, 23, 2, 0, 0], [4, 94, 25, 2, 0], [1, 1, 194, 12, 0], [0, 0, 4, 38, 0], [0, 0, 0, 0, 0]]
A2020-NX-01-0461_2_
acc=85.623, loss=0.00564, correct=673, total=786
[[346, 13, 4, 2, 5], [2, 30, 7, 0, 0], [0, 22, 123, 1, 4], [1, 7, 38, 145, 0], [0, 1, 6, 0, 29]]
A2020-NX-01-0490_1_
acc=88.501, loss=0.00530, correct=862, total=974
[[206, 15, 3, 0, 11], [3, 63, 5, 0, 3], [1, 19, 257, 3, 15], [0, 0, 5, 141, 0], [6, 12, 11, 0, 195]]
A2020-NX-01-0494_2_
acc=87.214, loss=0.00591, correct=648, total=743
[[74, 20, 15, 1, 5], [0, 14, 13, 0, 0], [1, 12, 261, 3, 0], [0, 1, 19, 134, 0], [0, 0, 5, 0, 165]]
A2020-NX-01-0508_3_
acc=84.069, loss=0.00540, correct=686, total=816
[[88, 3, 5, 0, 1], [23, 34, 17, 0, 11], [3, 18, 412, 46, 0], [0, 0, 0, 60, 0], [0, 0, 3, 0, 92]]
A2020-NX-01-0529_2_
acc=82.166, loss=0.00684, correct=622, total=757
[[90, 7, 0, 0, 0], [3, 55, 9, 0, 0], [1, 29, 149, 26, 8], [0, 3, 45, 216, 0], [0, 0, 4, 0, 112]]
A2020-NX-01-0534_3_
acc=84.573, loss=0.00591, correct=614, total=726
[[118, 9, 2, 0, 1], [27, 94, 8, 0, 1], [2, 18, 278, 36, 0], [0, 0, 0, 56, 0], [2, 1, 5, 0, 68]]
A2020-NX-01-0541_3_
acc=81.434, loss=0.00752, correct=636, total=781
[[271, 34, 21, 0, 5], [24, 100, 6, 0, 0], [2, 42, 194, 9, 0], [0, 0, 0, 45, 0], [1, 0, 1, 0, 26]]
A2020-NX-01-0549_3_
acc=91.209, loss=0.00408, correct=332, total=364
[[74, 5, 1, 0, 2], [0, 51, 9, 0, 1], [1, 11, 177, 0, 0], [0, 0, 0, 0, 0], [0, 1, 1, 0, 30]]
A2020-NX-01-0550_1_
acc=79.150, loss=0.00693, correct=577, total=729
[[87, 1, 2, 0, 3], [7, 28, 6, 0, 0], [1, 3, 186, 0, 1], [1, 2, 108, 138, 0], [8, 4, 4, 1, 138]]
A2020-NX-01-0561_2_
acc=91.762, loss=0.00400, correct=724, total=789
[[82, 10, 6, 0, 0], [5, 45, 13, 0, 2], [0, 1, 254, 1, 1], [0, 2, 16, 159, 0], [0, 1, 7, 0, 184]]
A2020-NX-01-0567_2_
acc=90.956, loss=0.00365, correct=704, total=774
[[52, 8, 0, 0, 1], [0, 37, 20, 0, 0], [0, 2, 258, 0, 3], [0, 0, 30, 205, 0], [0, 0, 6, 0, 152]]
A2020-NX-01-0573_3_
acc=73.608, loss=0.01355, correct=608, total=826
[[88, 5, 1, 0, 0], [8, 127, 39, 0, 0], [4, 31, 215, 0, 1], [0, 0, 0, 0, 0], [18, 64, 47, 0, 178]]
A2020-NX-01-0579_3_
acc=92.785, loss=0.00301, correct=733, total=790
[[552, 18, 11, 0, 0], [2, 24, 0, 0, 0], [1, 21, 86, 0, 1], [0, 0, 3, 71, 0], [0, 0, 0, 0, 0]]
A2020-NX-01-0590_3_
acc=88.716, loss=0.00505, correct=684, total=771
[[164, 6, 1, 0, 1], [6, 58, 36, 0, 0], [4, 4, 213, 3, 1], [1, 0, 1, 108, 0], [12, 5, 6, 0, 141]]
A2020-NX-01-0591_2_
acc=85.320, loss=0.00554, correct=680, total=797
[[71, 6, 3, 0, 3], [5, 28, 18, 0, 1], [1, 3, 241, 1, 2], [0, 0, 56, 190, 0], [15, 2, 1, 0, 150]]
A2020-NX-01-0596_2_
acc=70.024, loss=0.00977, correct=584, total=834
[[422, 26, 0, 0, 0], [181, 130, 5, 0, 2], [6, 29, 32, 0, 1], [0, 0, 0, 0, 0], [0, 0, 0, 0, 0]]
A2020-NX-01-0623_3_
acc=83.812, loss=0.00617, correct=642, total=766
[[179, 17, 5, 1, 3], [0, 29, 7, 0, 0], [1, 32, 225, 0, 0], [2, 2, 36, 137, 0], [5, 10, 3, 0, 72]]
A2020-NX-01-0635_3_
acc=86.657, loss=0.00546, correct=630, total=727
[[138, 4, 0, 0, 8], [2, 72, 24, 2, 11], [3, 7, 214, 30, 3], [1, 0, 2, 37, 0], [0, 0, 0, 0, 169]]
A2020-NX-01-0646_0_
acc=90.258, loss=0.00428, correct=806, total=893
[[399, 3, 3, 0, 2], [20, 37, 13, 1, 11], [1, 3, 197, 17, 12], [0, 0, 0, 48, 0], [1, 0, 0, 0, 125]]
A2020-NX-01-0647_3_
acc=84.411, loss=0.00653, correct=666, total=789
[[330, 14, 1, 0, 1], [49, 180, 18, 0, 0], [9, 24, 100, 0, 1], [0, 0, 0, 0, 0], [3, 3, 0, 0, 56]]
A2020-NX-01-0656_3_
acc=84.720, loss=0.00641, correct=621, total=733
[[61, 6, 1, 0, 9], [4, 33, 4, 0, 7], [1, 28, 277, 18, 27], [0, 0, 3, 153, 0], [1, 1, 2, 0, 97]]
A2020-NX-01-0677_3_
acc=81.326, loss=0.00690, correct=601, total=739
[[98, 5, 2, 0, 6], [6, 85, 39, 0, 9], [3, 3, 201, 0, 4], [0, 1, 41, 121, 0], [9, 7, 3, 0, 96]]
A2020-NX-01-0699_3_
acc=70.817, loss=0.00991, correct=529, total=747
[[160, 7, 3, 0, 0], [57, 47, 2, 0, 3], [16, 64, 264, 51, 0], [0, 0, 0, 11, 0], [15, 0, 0, 0, 47]]
A2020-NX-01-0707_3_
acc=82.946, loss=0.00773, correct=642, total=774
[[309, 12, 3, 0, 1], [0, 25, 3, 0, 0], [3, 55, 164, 0, 1], [0, 3, 49, 86, 0], [1, 0, 1, 0, 58]]
A2020-NX-01-0708_3_
acc=81.458, loss=0.00711, correct=637, total=782
[[102, 1, 1, 0, 4], [28, 143, 42, 0, 6], [6, 24, 257, 0, 4], [0, 0, 15, 0, 0], [13, 0, 1, 0, 135]]
A2020-NX-01-0730_3_
acc=84.691, loss=0.00667, correct=686, total=810
[[55, 0, 1, 1, 0], [3, 61, 41, 1, 1], [2, 6, 287, 7, 8], [0, 0, 43, 94, 0], [6, 1, 3, 0, 189]]
A2020-NX-01-0737_3_
acc=85.678, loss=0.00658, correct=670, total=782
[[98, 5, 1, 0, 2], [5, 71, 25, 0, 6], [0, 12, 245, 5, 3], [1, 2, 28, 129, 3], [4, 9, 1, 0, 127]]
A2020-NX-01-0766_3_
acc=79.512, loss=0.00741, correct=586, total=737
[[103, 6, 1, 0, 8], [16, 61, 23, 3, 2], [0, 8, 188, 80, 0], [0, 0, 0, 77, 0], [3, 0, 1, 0, 157]]
A2020-NX-01-0776_3_
acc=83.556, loss=0.00851, correct=625, total=748
[[201, 8, 3, 0, 0], [9, 114, 14, 0, 2], [1, 22, 159, 0, 9], [0, 2, 53, 82, 0], [0, 0, 0, 0, 69]]
24096.180914818153
83.09027901661432
