Efficientb0-10class-F_C_E_11channel_back-5class_lstm(batch_size=64)_adamw_cosinerestart.pth
==> Building model..
Loaded pretrained weights for efficientnet-b0
==> Resuming from checkpoint..
best acc: 82.361377
008_2_
acc=90.027, loss=0.00417, correct=677, total=752
[[251, 8, 5, 0, 2], [4, 85, 14, 0, 9], [3, 12, 217, 6, 3], [0, 0, 0, 67, 0], [2, 7, 0, 0, 57]]
040_3_
acc=84.748, loss=0.00573, correct=639, total=754
[[349, 16, 1, 0, 7], [18, 119, 5, 0, 6], [6, 38, 87, 0, 5], [0, 0, 6, 31, 0], [4, 2, 1, 0, 53]]
047_0_
acc=88.000, loss=0.00533, correct=638, total=725
[[28, 2, 1, 0, 2], [0, 23, 2, 1, 3], [1, 27, 402, 20, 10], [0, 0, 9, 78, 0], [0, 7, 2, 0, 107]]
049_3_
acc=88.801, loss=0.00446, correct=785, total=884
[[495, 19, 1, 0, 0], [29, 234, 17, 0, 0], [1, 25, 13, 0, 2], [0, 0, 0, 0, 0], [1, 4, 0, 0, 43]]
055_3_
acc=56.410, loss=0.01991, correct=132, total=234
[[11, 22, 1, 0, 0], [0, 95, 18, 42, 3], [0, 11, 22, 5, 0], [0, 0, 0, 0, 0], [0, 0, 0, 0, 4]]
061_3_
acc=81.421, loss=0.00719, correct=298, total=366
[[130, 17, 9, 0, 0], [12, 103, 12, 0, 1], [3, 11, 54, 0, 0], [0, 0, 0, 0, 0], [2, 1, 0, 0, 11]]
070_3_
acc=86.878, loss=0.00526, correct=629, total=724
[[189, 26, 2, 0, 2], [16, 219, 15, 0, 3], [1, 22, 171, 0, 0], [0, 0, 0, 0, 0], [1, 6, 1, 0, 50]]
072_3_
acc=83.956, loss=0.00706, correct=607, total=723
[[228, 8, 0, 0, 2], [37, 145, 14, 0, 15], [1, 9, 152, 0, 8], [0, 0, 0, 0, 0], [8, 12, 2, 0, 82]]
077_2_
acc=85.422, loss=0.00574, correct=668, total=782
[[238, 4, 0, 0, 3], [7, 63, 16, 0, 5], [0, 17, 231, 0, 0], [0, 0, 28, 25, 0], [13, 5, 16, 0, 111]]
086_3_
acc=83.310, loss=0.00740, correct=599, total=719
[[220, 6, 1, 0, 2], [33, 201, 27, 0, 31], [2, 7, 129, 0, 3], [0, 0, 0, 0, 0], [5, 3, 0, 0, 49]]
098_1_
acc=86.821, loss=0.00660, correct=639, total=736
[[115, 1, 3, 0, 5], [17, 32, 2, 0, 0], [18, 31, 457, 0, 0], [0, 0, 4, 0, 0], [16, 0, 0, 0, 35]]
101_1_
acc=81.113, loss=0.00726, correct=627, total=773
[[175, 12, 7, 1, 49], [3, 77, 5, 0, 14], [2, 13, 261, 6, 3], [0, 0, 14, 18, 0], [7, 6, 4, 0, 96]]
104_1_
acc=82.872, loss=0.00677, correct=629, total=759
[[178, 6, 1, 0, 3], [33, 79, 15, 0, 6], [6, 27, 280, 0, 2], [0, 0, 0, 0, 0], [29, 1, 1, 0, 92]]
122_3_
acc=82.500, loss=0.00644, correct=594, total=720
[[180, 17, 15, 0, 3], [5, 95, 29, 1, 2], [5, 10, 275, 16, 0], [0, 0, 0, 0, 0], [3, 19, 1, 0, 44]]
136_2_
acc=89.715, loss=0.00421, correct=724, total=807
[[197, 11, 5, 0, 5], [9, 63, 22, 0, 1], [1, 6, 352, 0, 2], [0, 0, 10, 0, 0], [1, 8, 2, 0, 112]]
142_2_
acc=89.400, loss=0.00446, correct=641, total=717
[[71, 2, 1, 0, 3], [10, 81, 16, 0, 2], [0, 9, 326, 0, 1], [0, 0, 13, 56, 0], [0, 6, 13, 0, 107]]
150_1_
acc=82.402, loss=0.00666, correct=590, total=716
[[108, 3, 1, 0, 3], [17, 39, 8, 0, 0], [10, 36, 307, 0, 0], [0, 0, 29, 41, 0], [0, 6, 13, 0, 95]]
155_3_
acc=90.502, loss=0.00451, correct=667, total=737
[[147, 9, 1, 0, 5], [0, 88, 18, 0, 2], [0, 25, 355, 0, 4], [0, 0, 0, 0, 0], [4, 2, 0, 0, 77]]
156_3_
acc=82.088, loss=0.00940, correct=692, total=843
[[316, 21, 13, 0, 10], [46, 144, 7, 0, 1], [1, 38, 147, 0, 2], [0, 0, 0, 0, 0], [2, 7, 3, 0, 85]]
171_2_
acc=94.110, loss=0.00237, correct=767, total=815
[[240, 4, 2, 0, 5], [7, 84, 4, 0, 0], [0, 20, 315, 0, 0], [0, 0, 0, 0, 0], [1, 3, 2, 0, 128]]
180_2_
acc=84.253, loss=0.00649, correct=626, total=743
[[199, 23, 2, 0, 2], [6, 79, 2, 0, 11], [1, 21, 243, 8, 2], [0, 1, 37, 33, 0], [0, 1, 0, 0, 72]]
186_3_
acc=85.734, loss=0.00551, correct=619, total=722
[[159, 28, 13, 0, 3], [1, 116, 12, 0, 6], [2, 35, 246, 0, 0], [0, 0, 0, 0, 0], [1, 1, 1, 0, 98]]
189_3_
acc=84.688, loss=0.00643, correct=625, total=738
[[56, 4, 3, 0, 6], [2, 112, 22, 0, 0], [0, 17, 313, 0, 1], [0, 0, 44, 0, 0], [2, 7, 5, 0, 144]]
196_0_
acc=90.084, loss=0.00428, correct=645, total=716
[[239, 19, 0, 0, 5], [6, 36, 11, 0, 5], [2, 21, 281, 0, 0], [0, 0, 0, 0, 0], [2, 0, 0, 0, 89]]
215_3_
acc=79.694, loss=0.00825, correct=573, total=719
[[95, 8, 4, 0, 23], [6, 47, 40, 0, 2], [0, 16, 315, 1, 1], [0, 0, 30, 24, 0], [7, 3, 5, 0, 92]]
232_3_
acc=81.152, loss=0.00621, correct=676, total=833
[[348, 101, 2, 0, 0], [21, 252, 9, 0, 0], [2, 22, 76, 0, 0], [0, 0, 0, 0, 0], [0, 0, 0, 0, 0]]
239_3_
acc=84.728, loss=0.00630, correct=638, total=753
[[242, 19, 5, 0, 2], [12, 91, 47, 0, 0], [0, 13, 233, 1, 0], [0, 0, 0, 0, 0], [10, 2, 4, 0, 72]]
254_1_
acc=87.586, loss=0.00526, correct=635, total=725
[[287, 24, 6, 0, 11], [9, 126, 27, 0, 3], [3, 7, 182, 0, 0], [0, 0, 0, 0, 0], [0, 0, 0, 0, 40]]
267_2_
acc=90.569, loss=0.00365, correct=653, total=721
[[51, 7, 2, 0, 9], [2, 32, 20, 0, 1], [0, 9, 462, 11, 1], [0, 0, 1, 32, 0], [2, 2, 1, 0, 76]]
301_3_
acc=76.806, loss=0.01000, correct=553, total=720
[[89, 10, 4, 0, 11], [4, 44, 44, 1, 1], [6, 23, 338, 7, 0], [0, 0, 3, 8, 0], [14, 20, 19, 0, 74]]
307_0_
acc=92.050, loss=0.00378, correct=660, total=717
[[163, 2, 2, 0, 17], [12, 28, 8, 0, 1], [4, 10, 441, 0, 0], [0, 0, 0, 0, 0], [0, 1, 0, 0, 28]]
317_1_
acc=75.451, loss=0.01027, correct=544, total=721
[[185, 17, 2, 0, 9], [10, 110, 24, 0, 0], [1, 61, 229, 0, 0], [0, 0, 7, 0, 0], [16, 28, 2, 0, 20]]
322_3_
acc=77.260, loss=0.00892, correct=564, total=730
[[150, 13, 8, 0, 4], [16, 109, 23, 0, 4], [6, 35, 242, 9, 2], [0, 0, 29, 40, 0], [4, 12, 1, 0, 23]]
334_0_
acc=59.192, loss=0.02106, correct=425, total=718
[[125, 134, 0, 0, 25], [0, 174, 5, 0, 9], [0, 66, 1, 0, 0], [0, 0, 0, 0, 0], [0, 49, 5, 0, 125]]
371_1_
acc=89.972, loss=0.00530, correct=646, total=718
[[80, 4, 0, 0, 0], [1, 22, 10, 0, 3], [3, 10, 363, 6, 15], [1, 0, 2, 125, 0], [0, 15, 2, 0, 56]]
378_1_
acc=78.476, loss=0.01389, correct=824, total=1050
[[720, 0, 0, 0, 0], [182, 48, 4, 0, 0], [4, 36, 56, 0, 0], [0, 0, 0, 0, 0], [0, 0, 0, 0, 0]]
384_1_
acc=88.260, loss=0.00487, correct=639, total=724
[[90, 5, 1, 0, 11], [1, 36, 5, 0, 6], [2, 3, 321, 0, 3], [0, 0, 46, 90, 0], [2, 0, 0, 0, 102]]
392_2_
acc=87.466, loss=0.00535, correct=635, total=726
[[280, 35, 9, 0, 1], [7, 70, 12, 0, 0], [2, 9, 275, 0, 0], [0, 0, 0, 0, 0], [2, 8, 6, 0, 10]]
393_2_
acc=71.277, loss=0.01075, correct=536, total=752
[[236, 14, 1, 0, 52], [17, 111, 7, 0, 80], [0, 7, 140, 0, 0], [0, 0, 38, 0, 0], [0, 0, 0, 0, 49]]
419_3_
acc=85.319, loss=0.00560, correct=616, total=722
[[140, 23, 0, 0, 7], [3, 96, 21, 0, 0], [2, 30, 263, 0, 0], [0, 0, 0, 0, 0], [6, 12, 2, 0, 117]]
433_3_
acc=84.690, loss=0.00621, correct=614, total=725
[[117, 13, 2, 0, 6], [2, 221, 31, 0, 6], [2, 38, 163, 0, 0], [0, 0, 0, 0, 0], [5, 6, 0, 0, 113]]
439_2_
acc=92.929, loss=0.00294, correct=736, total=792
[[294, 11, 3, 0, 6], [0, 43, 16, 0, 2], [1, 7, 365, 0, 4], [0, 0, 0, 0, 0], [1, 2, 3, 0, 34]]
487_2_
acc=87.260, loss=0.00461, correct=637, total=730
[[127, 5, 1, 0, 5], [3, 41, 17, 0, 3], [3, 10, 366, 2, 4], [0, 0, 29, 20, 0], [5, 3, 3, 0, 83]]
496_3_
acc=82.993, loss=0.00681, correct=610, total=735
[[116, 27, 2, 0, 3], [5, 164, 24, 0, 5], [3, 43, 217, 0, 0], [0, 0, 0, 0, 0], [5, 8, 0, 0, 113]]
506_3_
acc=74.306, loss=0.01045, correct=535, total=720
[[164, 22, 7, 0, 11], [10, 182, 109, 0, 4], [0, 10, 110, 2, 0], [0, 0, 0, 0, 0], [2, 7, 1, 0, 79]]
538_3_
acc=82.386, loss=0.00600, correct=594, total=721
[[129, 24, 1, 0, 5], [4, 336, 75, 0, 0], [1, 10, 74, 0, 0], [0, 0, 0, 0, 0], [0, 3, 4, 0, 55]]
542_3_
acc=70.782, loss=0.01316, correct=516, total=729
[[123, 14, 0, 0, 16], [10, 168, 82, 4, 4], [2, 24, 176, 34, 0], [0, 1, 6, 4, 0], [12, 1, 3, 0, 45]]
550_3_
acc=77.310, loss=0.00943, correct=569, total=736
[[331, 10, 5, 0, 1], [13, 88, 76, 0, 1], [0, 8, 79, 0, 1], [0, 1, 5, 0, 0], [12, 16, 18, 0, 71]]
554_3_
acc=88.662, loss=0.00580, correct=696, total=785
[[392, 9, 2, 0, 4], [19, 139, 13, 1, 0], [3, 7, 140, 12, 0], [0, 0, 2, 8, 0], [4, 13, 0, 0, 17]]
558_2_
acc=78.232, loss=0.00978, correct=593, total=758
[[250, 0, 0, 0, 1], [13, 87, 31, 0, 0], [5, 30, 95, 6, 0], [0, 0, 14, 69, 0], [8, 21, 36, 0, 92]]
566_2_
acc=88.203, loss=0.00458, correct=643, total=729
[[217, 0, 3, 0, 0], [18, 23, 23, 0, 0], [10, 7, 251, 10, 1], [0, 0, 1, 82, 0], [1, 1, 11, 0, 70]]
567_3_
acc=89.208, loss=0.00454, correct=653, total=732
[[248, 20, 0, 0, 0], [29, 374, 10, 0, 0], [1, 19, 31, 0, 0], [0, 0, 0, 0, 0], [0, 0, 0, 0, 0]]
581_2_
acc=91.377, loss=0.00334, correct=657, total=719
[[101, 7, 1, 0, 10], [3, 50, 7, 0, 2], [1, 12, 389, 0, 1], [0, 0, 0, 0, 0], [6, 5, 7, 0, 117]]
586_3_
acc=87.620, loss=0.00528, correct=637, total=727
[[298, 11, 4, 0, 1], [5, 170, 20, 0, 0], [3, 24, 140, 4, 0], [0, 0, 0, 12, 0], [3, 9, 6, 0, 17]]
597_3_
acc=86.648, loss=0.00607, correct=623, total=719
[[61, 9, 3, 0, 3], [0, 128, 31, 0, 0], [5, 19, 326, 9, 1], [1, 0, 8, 31, 0], [0, 3, 4, 0, 77]]
611_2_
acc=78.830, loss=0.00903, correct=566, total=718
[[77, 5, 4, 0, 2], [3, 25, 73, 2, 0], [0, 6, 289, 21, 0], [0, 0, 14, 38, 0], [5, 14, 3, 0, 137]]
618_3_
acc=77.701, loss=0.00902, correct=561, total=722
[[338, 6, 3, 0, 0], [29, 78, 66, 0, 0], [3, 20, 98, 0, 1], [0, 0, 0, 0, 0], [1, 9, 23, 0, 47]]
623_3_
acc=74.757, loss=0.01180, correct=539, total=721
[[31, 15, 1, 0, 8], [3, 184, 102, 0, 26], [1, 11, 208, 0, 0], [0, 0, 0, 0, 0], [0, 11, 4, 0, 116]]
629_2_
acc=87.924, loss=0.00479, correct=648, total=737
[[113, 0, 5, 0, 1], [24, 18, 10, 0, 0], [22, 9, 424, 0, 0], [0, 0, 0, 0, 0], [14, 0, 4, 0, 93]]
637_2_
acc=79.230, loss=0.00862, correct=576, total=727
[[121, 5, 1, 0, 0], [15, 100, 46, 0, 0], [7, 70, 325, 0, 1], [0, 0, 0, 0, 0], [6, 0, 0, 0, 30]]
642_3_
acc=91.250, loss=0.00418, correct=657, total=720
[[183, 2, 0, 0, 1], [9, 65, 30, 0, 3], [2, 9, 320, 0, 2], [0, 0, 0, 0, 0], [3, 1, 1, 0, 89]]
645_1_
acc=91.645, loss=0.00385, correct=713, total=778
[[236, 6, 0, 0, 4], [11, 47, 11, 0, 0], [1, 7, 302, 0, 1], [0, 0, 6, 0, 0], [2, 2, 14, 0, 128]]
A2019-NX-01-0009_2_
acc=84.549, loss=0.00526, correct=487, total=576
[[202, 10, 0, 0, 2], [1, 47, 2, 0, 7], [2, 20, 134, 26, 16], [0, 0, 0, 54, 0], [3, 0, 0, 0, 50]]
A2019-NX-01-0025_3_
acc=68.932, loss=0.01246, correct=213, total=309
[[40, 3, 1, 0, 3], [15, 57, 10, 0, 5], [5, 6, 81, 0, 4], [5, 6, 33, 3, 0], [0, 0, 0, 0, 32]]
A2019-NX-01-0042_1_
acc=79.371, loss=0.00878, correct=631, total=795
[[76, 17, 4, 2, 0], [0, 18, 2, 0, 0], [3, 35, 242, 0, 8], [0, 2, 88, 152, 0], [1, 1, 1, 0, 143]]
A2019-NX-01-0064_3_
acc=85.191, loss=0.00565, correct=558, total=655
[[210, 5, 0, 0, 5], [8, 70, 36, 1, 0], [3, 4, 217, 33, 0], [0, 0, 0, 26, 0], [1, 0, 1, 0, 35]]
A2019-NX-01-0072_3_
acc=65.205, loss=0.01938, correct=223, total=342
[[145, 11, 3, 0, 0], [19, 31, 0, 0, 0], [2, 55, 46, 0, 0], [0, 0, 28, 0, 0], [0, 1, 0, 0, 1]]
A2019-NX-01-0118_2_
acc=68.878, loss=0.01337, correct=436, total=633
[[32, 1, 0, 0, 1], [5, 41, 24, 3, 17], [2, 5, 188, 117, 15], [0, 0, 0, 67, 0], [1, 2, 4, 0, 108]]
A2019-NX-01-0157_3_
acc=83.204, loss=0.00734, correct=535, total=643
[[103, 3, 5, 0, 0], [14, 20, 8, 0, 3], [11, 16, 143, 15, 6], [3, 1, 23, 148, 0], [0, 0, 0, 0, 121]]
A2019-NX-01-0176_3_
acc=79.439, loss=0.00829, correct=510, total=642
[[141, 29, 3, 0, 13], [4, 128, 16, 0, 3], [2, 36, 133, 0, 0], [1, 0, 17, 13, 0], [0, 6, 2, 0, 95]]
A2019-NX-01-0193_3_
acc=75.549, loss=0.01032, correct=482, total=638
[[60, 31, 24, 0, 11], [0, 84, 20, 0, 0], [1, 30, 191, 0, 0], [0, 1, 10, 51, 0], [0, 10, 18, 0, 96]]
A2019-NX-01-0201_3_
acc=80.207, loss=0.00753, correct=543, total=677
[[51, 4, 2, 0, 0], [3, 67, 70, 3, 0], [4, 4, 217, 16, 0], [0, 1, 13, 117, 0], [5, 5, 4, 0, 91]]
A2019-NX-01-0206_3_
acc=72.347, loss=0.01082, correct=450, total=622
[[77, 29, 17, 0, 9], [0, 12, 4, 0, 0], [0, 25, 207, 14, 0], [0, 0, 34, 84, 0], [1, 17, 22, 0, 70]]
A2019-NX-01-0216_1_
acc=89.175, loss=0.00510, correct=346, total=388
[[122, 5, 0, 0, 5], [0, 25, 10, 3, 0], [0, 3, 66, 7, 3], [0, 0, 2, 77, 0], [0, 2, 2, 0, 56]]
A2019-NX-01-0259_3_
acc=85.693, loss=0.00569, correct=581, total=678
[[78, 3, 0, 0, 2], [12, 81, 11, 3, 0], [6, 21, 212, 18, 2], [0, 0, 10, 113, 0], [0, 2, 7, 0, 97]]
A2019-NX-01-0271_3_
acc=84.834, loss=0.00622, correct=537, total=633
[[233, 3, 0, 0, 3], [23, 123, 39, 0, 11], [4, 9, 142, 0, 4], [0, 0, 0, 0, 0], [0, 0, 0, 0, 39]]
A2019-NX-01-0277_0_
acc=80.543, loss=0.01032, correct=741, total=920
[[140, 1, 1, 0, 0], [25, 13, 7, 0, 3], [17, 6, 252, 0, 16], [0, 0, 95, 157, 0], [2, 4, 2, 0, 179]]
A2019-NX-01-0281_3_
acc=85.733, loss=0.00541, correct=649, total=757
[[132, 9, 1, 0, 2], [3, 21, 2, 0, 0], [10, 46, 300, 3, 4], [0, 0, 23, 77, 0], [3, 2, 0, 0, 119]]
A2019-NX-01-0284_3_
acc=82.544, loss=0.00584, correct=279, total=338
[[23, 4, 0, 0, 1], [7, 53, 18, 0, 2], [0, 13, 154, 2, 0], [0, 2, 9, 21, 0], [1, 0, 0, 0, 28]]
A2019-NX-01-0288_1_
acc=85.185, loss=0.00614, correct=690, total=810
[[230, 16, 1, 0, 1], [1, 44, 11, 1, 9], [0, 10, 214, 39, 30], [0, 0, 0, 186, 0], [0, 1, 0, 0, 16]]
A2019-NX-01-0292_3_
acc=71.721, loss=0.00969, correct=175, total=244
[[18, 1, 0, 0, 3], [1, 8, 6, 0, 2], [0, 2, 67, 1, 9], [0, 0, 42, 18, 0], [0, 2, 0, 0, 64]]
A2019-NX-01-0299_3_
acc=54.440, loss=0.01880, correct=141, total=259
[[44, 12, 15, 2, 0], [1, 44, 68, 3, 0], [0, 0, 11, 3, 0], [0, 0, 14, 42, 0], [0, 0, 0, 0, 0]]
A2019-NX-01-0310_3_
acc=82.252, loss=0.00732, correct=672, total=817
[[92, 8, 3, 0, 0], [19, 234, 40, 0, 15], [33, 19, 250, 0, 1], [0, 0, 0, 0, 0], [5, 1, 1, 0, 96]]
A2019-NX-01-0322_3_
acc=84.337, loss=0.00614, correct=560, total=664
[[232, 8, 10, 0, 0], [3, 27, 33, 1, 0], [1, 7, 223, 5, 0], [1, 1, 34, 78, 0], [0, 0, 0, 0, 0]]
A2019-NX-01-0325_1_
acc=87.578, loss=0.00568, correct=698, total=797
[[115, 12, 1, 0, 7], [10, 48, 5, 0, 11], [1, 6, 231, 0, 9], [0, 0, 35, 139, 0], [0, 0, 2, 0, 165]]
A2019-NX-01-0333_3_
acc=71.273, loss=0.01567, correct=459, total=644
[[160, 3, 2, 0, 0], [29, 108, 9, 0, 8], [4, 36, 127, 0, 2], [0, 1, 79, 0, 3], [9, 0, 0, 0, 64]]
A2019-NX-01-0348_3_
acc=78.341, loss=0.00849, correct=510, total=651
[[87, 27, 11, 2, 3], [1, 63, 10, 0, 0], [4, 31, 135, 2, 0], [0, 2, 38, 154, 0], [3, 5, 2, 0, 71]]
A2019-NX-01-0351_2_
acc=85.783, loss=0.00534, correct=537, total=626
[[42, 2, 0, 0, 1], [2, 26, 10, 1, 2], [2, 1, 132, 0, 3], [2, 0, 56, 240, 0], [0, 0, 7, 0, 97]]
A2019-NX-01-0386_3_
acc=88.326, loss=0.00484, correct=575, total=651
[[148, 2, 0, 0, 0], [12, 30, 0, 0, 0], [7, 25, 202, 12, 2], [0, 0, 6, 107, 0], [5, 0, 5, 0, 88]]
A2019-NX-01-0396_3_
acc=84.879, loss=0.00597, correct=595, total=701
[[76, 1, 1, 0, 1], [10, 46, 32, 0, 0], [4, 6, 192, 0, 0], [1, 0, 45, 121, 0], [3, 0, 2, 0, 160]]
A2019-NX-01-0419_3_
acc=71.062, loss=0.01233, correct=194, total=273
[[114, 23, 13, 0, 0], [1, 28, 2, 0, 0], [0, 22, 50, 0, 0], [0, 0, 11, 2, 0], [1, 6, 0, 0, 0]]
A2019-NX-01-0431_3_
acc=87.200, loss=0.00579, correct=654, total=750
[[176, 7, 0, 0, 0], [8, 130, 18, 0, 0], [2, 15, 123, 5, 2], [1, 0, 10, 96, 0], [1, 27, 0, 0, 129]]
A2019-NX-01-0435_3_
acc=81.575, loss=0.00700, correct=518, total=635
[[138, 2, 0, 0, 5], [9, 19, 9, 0, 1], [7, 12, 187, 12, 0], [0, 0, 8, 72, 0], [16, 6, 30, 0, 102]]
A2019-NX-01-0445_2_
acc=88.429, loss=0.00466, correct=619, total=700
[[273, 23, 3, 0, 2], [4, 20, 3, 0, 1], [0, 13, 114, 31, 0], [0, 0, 0, 181, 0], [0, 0, 1, 0, 31]]
A2019-NX-01-0452_3_
acc=88.511, loss=0.00580, correct=624, total=705
[[214, 6, 2, 0, 2], [10, 78, 16, 0, 0], [3, 7, 127, 0, 0], [0, 1, 30, 138, 0], [3, 0, 1, 0, 67]]
A2019-NX-01-0482_3_
acc=82.901, loss=0.00703, correct=543, total=655
[[79, 6, 3, 0, 0], [24, 124, 29, 0, 3], [4, 8, 190, 1, 2], [0, 0, 7, 108, 0], [9, 15, 1, 0, 42]]
A2019-NX-01-0505_3_
acc=80.719, loss=0.00720, correct=561, total=695
[[245, 3, 0, 0, 6], [9, 32, 2, 4, 4], [27, 46, 174, 9, 13], [2, 1, 6, 39, 0], [0, 0, 2, 0, 71]]
A2019-NX-01-0528_1_
acc=85.133, loss=0.00614, correct=607, total=713
[[76, 1, 1, 1, 0], [4, 38, 12, 3, 1], [3, 8, 210, 3, 1], [1, 0, 47, 151, 0], [4, 11, 4, 1, 132]]
A2019-NX-01-0536_3_
acc=81.350, loss=0.00694, correct=506, total=622
[[119, 6, 6, 1, 6], [5, 44, 4, 0, 0], [2, 30, 222, 1, 0], [1, 2, 39, 56, 0], [1, 1, 11, 0, 65]]
A2019-NX-01-0541_3_
acc=83.746, loss=0.00634, correct=541, total=646
[[73, 25, 22, 0, 1], [2, 73, 15, 0, 0], [0, 33, 237, 0, 5], [0, 0, 2, 36, 0], [0, 0, 0, 0, 122]]
A2019-NX-01-0544_0_
acc=94.709, loss=0.00214, correct=716, total=756
[[322, 1, 0, 0, 0], [3, 23, 0, 0, 0], [0, 25, 171, 0, 0], [0, 1, 9, 131, 0], [0, 0, 1, 0, 69]]
A2019-NX-01-0556_3_
acc=82.418, loss=0.01133, correct=525, total=637
[[161, 2, 0, 0, 2], [14, 31, 11, 0, 0], [3, 7, 138, 3, 0], [0, 2, 28, 147, 0], [33, 3, 4, 0, 48]]
A2019-NX-01-0563_1_
acc=93.521, loss=0.00315, correct=765, total=818
[[100, 3, 0, 0, 1], [2, 74, 4, 3, 0], [1, 9, 298, 1, 1], [1, 0, 17, 102, 0], [1, 2, 7, 0, 191]]
A2019-NX-01-0565_3_
acc=82.138, loss=0.00939, correct=561, total=683
[[51, 3, 1, 0, 9], [1, 35, 27, 7, 0], [0, 2, 106, 39, 0], [0, 0, 1, 200, 0], [0, 10, 21, 1, 169]]
A2019-NX-01-0575_3_
acc=70.588, loss=0.01599, correct=456, total=646
[[200, 8, 4, 0, 13], [30, 80, 6, 0, 0], [9, 56, 94, 0, 0], [3, 20, 39, 53, 0], [2, 0, 0, 0, 29]]
A2019-NX-01-0582_3_
acc=71.010, loss=0.01070, correct=218, total=307
[[82, 3, 2, 0, 0], [29, 54, 16, 0, 0], [11, 26, 61, 0, 0], [0, 0, 2, 21, 0], [0, 0, 0, 0, 0]]
A2019-NX-01-0587_2_
acc=83.155, loss=0.00616, correct=622, total=748
[[282, 6, 3, 0, 0], [45, 52, 35, 0, 0], [1, 2, 199, 1, 0], [1, 0, 28, 39, 0], [1, 2, 1, 0, 50]]
A2019-NX-01-0597_2_
acc=84.025, loss=0.00616, correct=668, total=795
[[126, 2, 0, 0, 3], [36, 102, 19, 0, 0], [8, 24, 227, 20, 0], [0, 0, 0, 104, 1], [4, 7, 3, 0, 109]]
A2019-NX-01-0619_3_
acc=84.021, loss=0.00649, correct=652, total=776
[[85, 6, 1, 0, 3], [21, 212, 37, 0, 3], [12, 23, 299, 16, 0], [0, 0, 0, 0, 0], [1, 1, 0, 0, 56]]
A2019-NX-01-0634_3_
acc=91.180, loss=0.00422, correct=703, total=771
[[224, 8, 0, 0, 0], [2, 46, 10, 0, 0], [1, 7, 237, 4, 0], [0, 0, 24, 115, 0], [0, 1, 11, 0, 81]]
A2019-NX-01-0640_3_
acc=77.341, loss=0.00846, correct=512, total=662
[[253, 11, 1, 0, 0], [63, 172, 35, 0, 0], [10, 29, 87, 1, 0], [0, 0, 0, 0, 0], [0, 0, 0, 0, 0]]
A2019-NX-01-0648_3_
acc=84.424, loss=0.00633, correct=542, total=642
[[79, 14, 6, 3, 0], [0, 27, 9, 0, 0], [2, 5, 97, 46, 1], [0, 0, 13, 256, 0], [0, 0, 1, 0, 83]]
A2019-NX-01-0654_3_
acc=84.311, loss=0.00648, correct=532, total=631
[[53, 2, 2, 0, 0], [12, 111, 21, 0, 4], [4, 20, 196, 1, 12], [1, 0, 7, 105, 0], [3, 6, 4, 0, 67]]
A2019-NX-01-0664_2_
acc=71.990, loss=0.00996, correct=586, total=814
[[109, 1, 0, 0, 3], [24, 140, 27, 17, 39], [2, 28, 263, 65, 8], [0, 0, 0, 2, 0], [4, 7, 3, 0, 72]]
A2019-NX-01-0708_2_
acc=79.264, loss=0.00882, correct=646, total=815
[[151, 5, 0, 0, 3], [10, 68, 17, 0, 0], [0, 17, 255, 2, 3], [0, 0, 104, 15, 0], [4, 0, 4, 0, 157]]
A2019-NX-01-0711_3_
acc=88.485, loss=0.00429, correct=876, total=990
[[181, 24, 3, 0, 2], [3, 73, 3, 1, 2], [4, 48, 387, 1, 2], [0, 0, 13, 72, 0], [1, 1, 6, 0, 163]]
A2019-NX-01-0722_3_
acc=84.098, loss=0.00671, correct=550, total=654
[[42, 7, 3, 0, 0], [3, 33, 46, 0, 0], [5, 10, 352, 27, 0], [0, 0, 0, 51, 0], [3, 0, 0, 0, 72]]
A2019-NX-01-0827_2_
acc=82.628, loss=0.00683, correct=547, total=662
[[264, 72, 6, 2, 5], [0, 39, 5, 0, 1], [0, 10, 51, 2, 0], [0, 0, 8, 82, 0], [0, 3, 1, 0, 111]]
A2019-NX-01-0835_3_
acc=86.972, loss=0.00589, correct=247, total=284
[[44, 2, 0, 0, 0], [9, 55, 16, 0, 1], [1, 4, 113, 0, 0], [0, 0, 0, 0, 0], [4, 0, 0, 0, 35]]
A2019-NX-01-0852_3_
acc=76.261, loss=0.00930, correct=514, total=674
[[65, 8, 1, 0, 7], [11, 93, 25, 1, 8], [0, 37, 167, 0, 6], [0, 0, 49, 95, 0], [2, 2, 3, 0, 94]]
A2019-NX-01-0865_3_
acc=81.559, loss=0.00646, correct=544, total=667
[[125, 5, 4, 0, 1], [12, 67, 32, 2, 4], [1, 4, 177, 3, 1], [0, 1, 48, 91, 0], [1, 1, 3, 0, 84]]
A2019-NX-01-0867_3_
acc=38.066, loss=0.04182, correct=244, total=641
[[62, 3, 0, 0, 0], [24, 75, 6, 0, 3], [2, 68, 79, 0, 1], [4, 51, 183, 14, 0], [31, 21, 0, 0, 14]]
A2019-NX-01-0883_3_
acc=86.300, loss=0.00639, correct=674, total=781
[[273, 17, 6, 4, 3], [11, 37, 2, 0, 0], [0, 28, 195, 0, 0], [0, 0, 30, 120, 0], [0, 3, 3, 0, 49]]
A2019-NX-01-0886_3_
acc=79.358, loss=0.00800, correct=519, total=654
[[160, 13, 5, 0, 5], [5, 148, 74, 5, 8], [0, 4, 99, 15, 1], [0, 0, 0, 20, 0], [0, 0, 0, 0, 92]]
A2019-NX-01-0898_2_
acc=83.141, loss=0.00688, correct=577, total=694
[[206, 1, 0, 2, 1], [17, 26, 20, 1, 4], [4, 13, 287, 43, 7], [0, 0, 2, 37, 0], [2, 0, 0, 0, 21]]
A2019-NX-01-0903_2_
acc=84.871, loss=0.00577, correct=690, total=813
[[122, 8, 5, 0, 1], [35, 55, 18, 0, 0], [5, 12, 251, 31, 0], [0, 0, 1, 144, 0], [0, 2, 5, 0, 118]]
A2019-NX-01-0908_1_
acc=86.623, loss=0.00585, correct=531, total=613
[[160, 2, 1, 1, 0], [9, 71, 13, 0, 1], [1, 9, 189, 0, 5], [1, 2, 36, 78, 0], [0, 0, 1, 0, 33]]
A2019-NX-01-0916_3_
acc=87.404, loss=0.00560, correct=569, total=651
[[69, 2, 0, 0, 1], [8, 62, 12, 0, 3], [1, 3, 208, 0, 0], [0, 0, 32, 79, 0], [11, 5, 4, 0, 151]]
A2019-NX-01-0923_2_
acc=81.207, loss=0.00720, correct=834, total=1027
[[538, 8, 1, 1, 4], [26, 68, 3, 0, 12], [11, 31, 145, 89, 4], [0, 0, 0, 20, 0], [3, 0, 0, 0, 63]]
A2019-NX-01-0925_1_
acc=91.114, loss=0.00361, correct=605, total=664
[[244, 1, 0, 0, 0], [12, 42, 7, 2, 0], [4, 1, 138, 22, 0], [0, 0, 6, 155, 0], [1, 0, 3, 0, 26]]
A2019-NX-01-0940_2_
acc=88.730, loss=0.00457, correct=559, total=630
[[87, 0, 1, 1, 3], [6, 67, 19, 3, 11], [0, 4, 143, 8, 7], [0, 0, 7, 124, 0], [0, 0, 1, 0, 138]]
A2019-NX-01-0942_3_
acc=87.385, loss=0.00666, correct=568, total=650
[[43, 24, 14, 1, 6], [0, 24, 9, 0, 0], [0, 11, 331, 5, 0], [0, 0, 7, 62, 0], [0, 2, 3, 0, 108]]
A2019-NX-01-0957_2_
acc=88.400, loss=0.00453, correct=724, total=819
[[180, 2, 4, 1, 1], [18, 31, 16, 3, 0], [6, 5, 275, 29, 0], [1, 0, 2, 138, 0], [0, 1, 6, 0, 100]]
A2019-NX-01-0970_3_
acc=79.227, loss=0.01018, correct=656, total=828
[[274, 10, 2, 0, 1], [1, 39, 4, 0, 0], [5, 41, 146, 0, 4], [3, 6, 87, 108, 0], [8, 0, 0, 0, 89]]
A2019-NX-01-0987_1_
acc=81.681, loss=0.00629, correct=486, total=595
[[69, 3, 0, 0, 1], [5, 45, 3, 0, 0], [1, 8, 92, 4, 1], [0, 0, 78, 203, 0], [1, 0, 4, 0, 77]]
A2019-NX-01-0988_1_
acc=78.154, loss=0.00935, correct=508, total=650
[[269, 16, 1, 0, 3], [22, 89, 84, 2, 4], [0, 2, 29, 8, 0], [0, 0, 0, 79, 0], [0, 0, 0, 0, 42]]
A2019-NX-01-1009_1_
acc=84.802, loss=0.00601, correct=770, total=908
[[62, 4, 4, 0, 5], [0, 14, 0, 0, 3], [2, 9, 227, 29, 20], [0, 1, 54, 165, 1], [2, 1, 3, 0, 302]]
A2019-NX-01-1012_2_
acc=77.117, loss=0.00866, correct=337, total=437
[[150, 6, 0, 0, 0], [24, 88, 68, 0, 0], [1, 1, 84, 0, 0], [0, 0, 0, 15, 0], [0, 0, 0, 0, 0]]
A2019-NX-01-1022_3_
acc=82.476, loss=0.00613, correct=513, total=622
[[95, 11, 5, 0, 4], [4, 99, 64, 0, 0], [1, 4, 204, 2, 0], [0, 0, 8, 33, 0], [0, 5, 1, 0, 82]]
A2019-NX-01-1023_2_
acc=84.181, loss=0.00697, correct=596, total=708
[[408, 1, 0, 0, 1], [35, 44, 2, 0, 0], [6, 41, 35, 2, 0], [0, 0, 12, 105, 0], [12, 0, 0, 0, 4]]
A2019-NX-01-1024_3_
acc=73.092, loss=0.01308, correct=182, total=249
[[29, 0, 1, 1, 0], [2, 24, 17, 6, 7], [0, 1, 50, 20, 5], [1, 0, 2, 64, 0], [0, 1, 3, 0, 15]]
A2019-NX-01-1029_2_
acc=88.594, loss=0.00479, correct=567, total=640
[[102, 2, 0, 0, 4], [6, 39, 3, 0, 1], [1, 10, 157, 3, 3], [0, 0, 36, 96, 0], [4, 0, 0, 0, 173]]
A2019-NX-01-1067_0_
acc=73.536, loss=0.01132, correct=678, total=922
[[129, 11, 4, 0, 20], [6, 42, 4, 0, 8], [3, 20, 146, 1, 16], [0, 0, 92, 166, 0], [3, 31, 25, 0, 195]]
A2019-NX-01-1070_0_
acc=76.339, loss=0.01001, correct=613, total=803
[[75, 6, 5, 3, 0], [0, 35, 58, 8, 0], [1, 5, 191, 41, 0], [0, 0, 1, 173, 0], [1, 29, 32, 0, 139]]
A2019-NX-01-1079_3_
acc=84.251, loss=0.00646, correct=658, total=781
[[46, 6, 2, 0, 0], [5, 86, 22, 0, 0], [8, 23, 236, 51, 6], [0, 0, 0, 55, 0], [0, 0, 0, 0, 235]]
A2019-NX-01-1081_3_
acc=90.909, loss=0.00451, correct=430, total=473
[[220, 11, 4, 0, 0], [8, 94, 5, 0, 0], [2, 13, 116, 0, 0], [0, 0, 0, 0, 0], [0, 0, 0, 0, 0]]
A2019-NX-01-1097_2_
acc=87.940, loss=0.00431, correct=649, total=738
[[304, 1, 1, 0, 0], [11, 63, 8, 0, 0], [0, 15, 112, 0, 0], [0, 0, 41, 97, 0], [1, 2, 9, 0, 73]]
A2019-NX-01-1102_2_
acc=90.774, loss=0.00379, correct=551, total=607
[[94, 2, 1, 0, 0], [5, 72, 12, 0, 0], [8, 14, 205, 0, 2], [0, 0, 9, 121, 0], [2, 0, 1, 0, 59]]
A2019-NX-01-1126_3_
acc=81.240, loss=0.00677, correct=511, total=629
[[30, 1, 0, 0, 0], [4, 90, 49, 10, 1], [2, 2, 162, 25, 5], [0, 1, 12, 82, 0], [0, 2, 4, 0, 147]]
A2019-NX-01-1134_0_
acc=81.808, loss=0.00775, correct=733, total=896
[[81, 5, 0, 0, 18], [4, 13, 1, 0, 9], [2, 7, 448, 0, 5], [2, 0, 104, 0, 0], [1, 0, 5, 0, 191]]
A2019-NX-01-1151_2_
acc=86.565, loss=0.00588, correct=625, total=722
[[209, 10, 1, 0, 0], [2, 25, 16, 0, 1], [0, 4, 175, 1, 2], [1, 0, 44, 107, 0], [5, 3, 7, 0, 109]]
A2019-NX-01-1154_3_
acc=73.892, loss=0.01188, correct=467, total=632
[[102, 4, 0, 0, 4], [12, 50, 25, 3, 5], [1, 7, 116, 78, 4], [0, 0, 19, 66, 0], [0, 0, 3, 0, 133]]
A2019-NX-01-1159_1_
acc=89.873, loss=0.00462, correct=710, total=790
[[58, 3, 0, 0, 0], [5, 41, 10, 0, 0], [0, 5, 330, 25, 0], [0, 0, 10, 126, 0], [0, 17, 5, 0, 155]]
A2019-NX-01-1171_0_
acc=74.256, loss=0.01264, correct=499, total=672
[[121, 7, 0, 0, 0], [18, 73, 20, 6, 0], [6, 16, 97, 93, 2], [0, 0, 0, 94, 0], [1, 1, 3, 0, 114]]
A2019-NX-01-1178_2_
acc=94.167, loss=0.00253, correct=565, total=600
[[221, 0, 1, 0, 0], [3, 45, 10, 0, 0], [1, 6, 117, 11, 0], [0, 0, 2, 146, 0], [0, 0, 1, 0, 36]]
A2019-NX-01-1193_3_
acc=72.699, loss=0.01140, correct=466, total=641
[[58, 3, 1, 0, 1], [10, 50, 66, 24, 2], [3, 5, 133, 38, 2], [1, 1, 13, 136, 0], [0, 1, 4, 0, 89]]
A2019-NX-01-1214_2_
acc=75.744, loss=0.00975, correct=509, total=672
[[268, 71, 15, 0, 3], [1, 81, 60, 1, 2], [0, 2, 59, 2, 0], [0, 1, 5, 72, 0], [0, 0, 0, 0, 29]]
A2019-NX-01-1216_3_
acc=72.738, loss=0.01042, correct=627, total=862
[[300, 10, 5, 4, 0], [20, 53, 5, 2, 0], [11, 64, 117, 38, 6], [0, 4, 57, 67, 1], [7, 1, 0, 0, 90]]
A2019-NX-01-1220_3_
acc=85.380, loss=0.00754, correct=146, total=171
[[29, 8, 0, 0, 2], [3, 71, 3, 0, 0], [1, 8, 46, 0, 0], [0, 0, 0, 0, 0], [0, 0, 0, 0, 0]]
A2019-NX-01-1225_3_
acc=79.567, loss=0.00883, correct=514, total=646
[[176, 6, 0, 0, 2], [13, 82, 28, 2, 4], [4, 9, 134, 60, 3], [0, 0, 0, 60, 0], [1, 0, 0, 0, 62]]
A2019-NX-01-1228_0_
acc=85.025, loss=0.00872, correct=511, total=601
[[25, 9, 25, 0, 13], [0, 0, 29, 0, 1], [0, 0, 239, 6, 4], [0, 0, 3, 140, 0], [0, 0, 0, 0, 107]]
A2019-NX-01-1229_3_
acc=82.029, loss=0.00626, correct=671, total=818
[[150, 1, 1, 0, 5], [31, 53, 9, 0, 3], [10, 15, 260, 54, 2], [0, 1, 13, 87, 0], [0, 1, 1, 0, 121]]
A2019-NX-01-1239_3_
acc=82.549, loss=0.00694, correct=544, total=659
[[72, 4, 5, 0, 11], [16, 81, 55, 0, 0], [1, 7, 245, 3, 0], [0, 1, 12, 75, 0], [0, 0, 0, 0, 71]]
A2019-NX-01-1245_2_
acc=91.236, loss=0.00543, correct=760, total=833
[[240, 4, 4, 0, 5], [4, 27, 0, 0, 3], [0, 18, 150, 1, 2], [0, 0, 32, 301, 0], [0, 0, 0, 0, 42]]
A2019-NX-01-1256_2_
acc=85.799, loss=0.00512, correct=580, total=676
[[177, 6, 0, 0, 0], [26, 32, 16, 3, 6], [0, 4, 146, 32, 2], [0, 0, 1, 198, 0], [0, 0, 0, 0, 27]]
A2019-NX-01-1257_1_
acc=81.662, loss=0.00767, correct=619, total=758
[[17, 0, 2, 2, 0], [1, 7, 4, 0, 0], [0, 10, 210, 23, 0], [0, 0, 60, 229, 0], [0, 1, 36, 0, 156]]
A2019-NX-01-1261_3_
acc=79.058, loss=0.00976, correct=487, total=616
[[20, 0, 1, 0, 0], [6, 32, 20, 1, 1], [7, 2, 185, 83, 7], [0, 0, 0, 148, 0], [0, 0, 1, 0, 102]]
A2019-NX-01-1264_3_
acc=72.360, loss=0.01125, correct=466, total=644
[[93, 53, 10, 0, 13], [0, 176, 72, 0, 5], [1, 4, 120, 0, 4], [0, 0, 3, 53, 0], [0, 9, 4, 0, 24]]
A2019-NX-01-1265_3_
acc=72.973, loss=0.00902, correct=594, total=814
[[194, 5, 1, 0, 1], [83, 221, 53, 0, 1], [28, 33, 140, 0, 0], [0, 0, 0, 0, 0], [12, 3, 0, 0, 39]]
A2019-NX-01-1268_0_
acc=89.541, loss=0.00444, correct=702, total=784
[[221, 7, 3, 0, 0], [8, 37, 4, 0, 1], [3, 2, 123, 1, 10], [0, 0, 39, 265, 0], [0, 0, 4, 0, 56]]
A2019-NX-01-1269_1_
acc=89.590, loss=0.00449, correct=568, total=634
[[90, 1, 1, 0, 4], [8, 36, 12, 0, 0], [2, 5, 169, 17, 0], [0, 0, 10, 193, 0], [2, 2, 2, 0, 80]]
A2019-NX-01-1280_3_
acc=83.949, loss=0.00622, correct=523, total=623
[[74, 3, 0, 0, 2], [13, 129, 21, 1, 3], [5, 28, 156, 2, 3], [1, 4, 12, 62, 0], [1, 1, 0, 0, 102]]
A2019-NX-01-1287_0_
acc=83.612, loss=0.00840, correct=551, total=659
[[37, 4, 6, 0, 2], [0, 22, 30, 1, 3], [0, 1, 247, 50, 6], [0, 0, 0, 97, 0], [1, 0, 4, 0, 148]]
A2019-NX-01-1300_3_
acc=81.344, loss=0.00830, correct=593, total=729
[[179, 13, 0, 0, 4], [7, 150, 19, 0, 15], [4, 57, 187, 0, 6], [0, 0, 6, 5, 0], [3, 1, 1, 0, 72]]
A2019-NX-01-1318_3_
acc=61.692, loss=0.01514, correct=124, total=201
[[32, 1, 1, 0, 0], [7, 34, 17, 0, 0], [0, 0, 25, 2, 0], [2, 1, 46, 33, 0], [0, 0, 0, 0, 0]]
A2019-NX-01-1323_1_
acc=81.470, loss=0.00785, correct=532, total=653
[[51, 6, 3, 0, 3], [0, 21, 7, 0, 2], [0, 9, 199, 1, 0], [0, 1, 72, 183, 0], [1, 5, 11, 0, 78]]
A2019-NX-01-1324_3_
acc=75.161, loss=0.01000, correct=466, total=620
[[115, 2, 0, 0, 0], [48, 57, 27, 0, 4], [21, 8, 198, 19, 3], [0, 0, 1, 26, 0], [17, 1, 3, 0, 70]]
A2019-NX-01-1328_2_
acc=90.572, loss=0.00385, correct=586, total=647
[[268, 1, 1, 0, 0], [3, 10, 1, 0, 0], [0, 30, 117, 6, 0], [1, 0, 9, 143, 0], [0, 5, 3, 1, 48]]
A2019-NX-01-1334_3_
acc=82.298, loss=0.00971, correct=530, total=644
[[200, 4, 0, 0, 3], [19, 89, 8, 0, 2], [5, 12, 151, 57, 1], [0, 0, 0, 35, 0], [1, 0, 2, 0, 55]]
A2019-NX-01-1350_3_
acc=80.380, loss=0.00749, correct=508, total=632
[[55, 7, 10, 0, 14], [0, 21, 6, 0, 0], [1, 10, 261, 2, 5], [0, 0, 56, 75, 0], [0, 2, 11, 0, 96]]
A2019-NX-01-1356_3_
acc=85.803, loss=0.00581, correct=689, total=803
[[201, 8, 1, 0, 1], [12, 121, 46, 0, 0], [2, 9, 222, 1, 0], [0, 0, 15, 70, 0], [4, 6, 9, 0, 75]]
A2019-NX-01-1367_3_
acc=86.040, loss=0.00517, correct=604, total=702
[[110, 9, 0, 0, 0], [24, 65, 23, 0, 0], [15, 10, 292, 13, 2], [0, 0, 2, 57, 0], [0, 0, 0, 0, 80]]
A2019-NX-01-1379_1_
acc=77.548, loss=0.00971, correct=563, total=726
[[44, 2, 2, 0, 0], [8, 45, 23, 2, 0], [11, 5, 217, 95, 2], [0, 0, 0, 118, 0], [1, 1, 11, 0, 139]]
A2019-NX-01-1397_2_
acc=84.186, loss=0.00787, correct=543, total=645
[[71, 0, 0, 0, 1], [13, 38, 12, 0, 0], [4, 12, 167, 0, 5], [2, 1, 23, 114, 0], [13, 12, 4, 0, 153]]
A2019-NX-01-1398_0_
acc=89.185, loss=0.00429, correct=536, total=601
[[54, 0, 0, 0, 2], [11, 29, 7, 0, 0], [3, 10, 162, 0, 0], [0, 0, 20, 187, 0], [0, 3, 9, 0, 104]]
A2019-NX-01-1399_3_
acc=84.627, loss=0.00580, correct=567, total=670
[[114, 19, 3, 1, 17], [1, 55, 30, 0, 0], [1, 6, 120, 7, 0], [0, 0, 10, 106, 0], [1, 0, 7, 0, 172]]
A2019-NX-01-1409_2_
acc=89.796, loss=0.00405, correct=572, total=637
[[46, 0, 1, 0, 1], [8, 45, 19, 1, 2], [2, 2, 215, 28, 0], [0, 0, 1, 125, 0], [0, 0, 0, 0, 141]]
A2019-NX-01-1426_3_
acc=77.328, loss=0.00915, correct=573, total=741
[[169, 16, 11, 0, 7], [12, 83, 95, 2, 4], [0, 2, 135, 18, 0], [0, 0, 1, 73, 0], [0, 0, 0, 0, 113]]
A2019-NX-01-1427_2_
acc=83.944, loss=0.00685, correct=664, total=791
[[254, 8, 5, 0, 0], [3, 26, 5, 0, 0], [2, 6, 207, 0, 1], [0, 0, 85, 126, 0], [7, 0, 5, 0, 51]]
A2019-NX-01-1443_3_
acc=79.688, loss=0.00663, correct=255, total=320
[[132, 4, 0, 0, 0], [16, 70, 19, 1, 0], [5, 6, 53, 14, 0], [0, 0, 0, 0, 0], [0, 0, 0, 0, 0]]
A2019-NX-01-1456_3_
acc=84.091, loss=0.00608, correct=518, total=616
[[164, 5, 1, 0, 8], [14, 36, 10, 0, 5], [6, 16, 193, 29, 2], [0, 0, 0, 65, 0], [1, 1, 0, 0, 60]]
A2019-NX-01-1490_2_
acc=82.897, loss=0.00632, correct=538, total=649
[[134, 14, 8, 0, 0], [9, 74, 59, 1, 1], [0, 4, 219, 9, 0], [1, 0, 4, 53, 0], [0, 1, 0, 0, 58]]
A2019-NX-01-1504_3_
acc=92.241, loss=0.00343, correct=749, total=812
[[239, 6, 0, 0, 4], [0, 25, 13, 3, 0], [0, 1, 168, 25, 0], [0, 0, 4, 178, 0], [1, 0, 6, 0, 139]]
A2019-NX-01-1505_3_
acc=82.099, loss=0.00614, correct=532, total=648
[[58, 9, 0, 0, 3], [1, 73, 18, 1, 0], [6, 20, 267, 52, 0], [0, 0, 0, 7, 0], [2, 0, 4, 0, 127]]
A2019-NX-01-1509_2_
acc=79.523, loss=0.00922, correct=567, total=713
[[189, 8, 10, 0, 0], [1, 13, 3, 0, 0], [0, 27, 166, 0, 0], [2, 3, 56, 113, 0], [0, 4, 32, 0, 86]]
A2019-NX-01-1510_3_
acc=73.116, loss=0.01438, correct=291, total=398
[[184, 3, 8, 0, 0], [1, 7, 59, 13, 0], [0, 1, 26, 15, 0], [0, 0, 0, 18, 0], [1, 0, 6, 0, 56]]
A2019-NX-01-1520_2_
acc=81.221, loss=0.00980, correct=532, total=655
[[144, 1, 0, 0, 5], [16, 49, 4, 5, 8], [2, 6, 151, 73, 2], [0, 0, 0, 125, 0], [1, 0, 0, 0, 63]]
A2019-NX-01-1527_3_
acc=82.857, loss=0.00659, correct=580, total=700
[[313, 11, 10, 0, 0], [33, 121, 45, 1, 1], [5, 2, 79, 1, 0], [0, 0, 3, 44, 0], [2, 4, 2, 0, 23]]
A2019-NX-01-1540_3_
acc=79.048, loss=0.00969, correct=498, total=630
[[95, 50, 38, 2, 7], [1, 34, 11, 0, 0], [0, 9, 216, 6, 0], [0, 0, 2, 114, 0], [0, 1, 5, 0, 39]]
A2019-NX-01-1544_3_
acc=81.220, loss=0.00880, correct=506, total=623
[[32, 3, 1, 0, 2], [5, 90, 16, 0, 8], [8, 22, 222, 41, 3], [0, 0, 6, 49, 0], [2, 0, 0, 0, 113]]
A2019-NX-01-1569_3_
acc=78.457, loss=0.00843, correct=488, total=622
[[100, 4, 0, 0, 0], [32, 203, 47, 0, 0], [9, 11, 121, 0, 0], [0, 5, 16, 0, 0], [3, 6, 1, 0, 64]]
A2019-NX-01-1580_3_
acc=81.003, loss=0.00730, correct=533, total=658
[[33, 3, 2, 0, 7], [7, 49, 15, 0, 6], [0, 22, 254, 51, 8], [0, 0, 0, 49, 0], [3, 0, 1, 0, 148]]
A2019-NX-01-1587_3_
acc=86.284, loss=0.00554, correct=541, total=627
[[70, 3, 10, 0, 7], [5, 17, 19, 2, 3], [11, 1, 223, 20, 1], [0, 0, 0, 163, 0], [4, 0, 0, 0, 68]]
A2019-NX-01-1589_1_
acc=84.047, loss=0.00763, correct=569, total=677
[[158, 1, 1, 0, 0], [15, 53, 6, 0, 0], [7, 18, 138, 0, 0], [2, 1, 57, 154, 0], [0, 0, 0, 0, 66]]
A2019-NX-01-1601_3_
acc=80.385, loss=0.00644, correct=668, total=831
[[100, 8, 5, 0, 12], [2, 85, 7, 0, 1], [13, 88, 355, 0, 2], [0, 0, 11, 9, 0], [4, 6, 4, 0, 119]]
A2019-NX-01-1608_1_
acc=88.243, loss=0.00489, correct=683, total=774
[[183, 7, 2, 0, 1], [10, 37, 24, 1, 0], [8, 15, 200, 11, 8], [0, 0, 3, 186, 0], [1, 0, 0, 0, 77]]
A2019-NX-01-1620_1_
acc=74.144, loss=0.01474, correct=585, total=789
[[108, 0, 0, 0, 0], [19, 51, 2, 0, 0], [5, 46, 213, 0, 4], [1, 2, 90, 73, 0], [22, 11, 2, 0, 140]]
A2019-NX-01-1625_1_
acc=90.517, loss=0.00459, correct=735, total=812
[[54, 5, 2, 1, 1], [0, 50, 25, 0, 0], [0, 16, 351, 8, 0], [0, 0, 2, 144, 0], [2, 7, 8, 0, 136]]
A2019-NX-01-1628_1_
acc=78.015, loss=0.01297, correct=511, total=655
[[93, 1, 1, 0, 3], [8, 32, 7, 0, 4], [1, 15, 160, 0, 3], [2, 2, 91, 133, 3], [3, 0, 0, 0, 93]]
A2019-NX-01-1634_3_
acc=77.848, loss=0.00966, correct=492, total=632
[[121, 4, 0, 0, 0], [17, 56, 25, 0, 0], [9, 20, 151, 43, 4], [0, 0, 0, 88, 0], [3, 10, 5, 0, 76]]
A2019-NX-01-1638_3_
acc=86.128, loss=0.00497, correct=714, total=829
[[18, 2, 0, 0, 8], [2, 32, 23, 0, 0], [4, 14, 370, 49, 7], [0, 0, 0, 118, 0], [1, 4, 1, 0, 176]]
A2019-NX-01-1640_3_
acc=88.084, loss=0.00525, correct=547, total=621
[[106, 17, 2, 0, 22], [0, 17, 5, 0, 0], [0, 12, 206, 5, 1], [0, 0, 6, 101, 0], [0, 0, 3, 1, 117]]
A2020-NX-01-0006_3_
acc=74.359, loss=0.01232, correct=580, total=780
[[212, 27, 18, 0, 11], [7, 52, 1, 0, 0], [2, 49, 188, 0, 3], [0, 4, 31, 69, 0], [7, 22, 18, 0, 59]]
A2020-NX-01-0007_3_
acc=82.309, loss=0.00634, correct=656, total=797
[[136, 28, 13, 0, 23], [0, 30, 3, 0, 2], [1, 48, 275, 15, 3], [0, 0, 0, 66, 0], [0, 2, 3, 0, 149]]
A2020-NX-01-0010_3_
acc=74.885, loss=0.01149, correct=650, total=868
[[86, 1, 5, 0, 0], [20, 38, 7, 0, 0], [5, 18, 320, 0, 7], [1, 1, 105, 53, 0], [35, 8, 5, 0, 153]]
A2020-NX-01-0017_3_
acc=74.369, loss=0.00985, correct=589, total=792
[[231, 75, 19, 1, 19], [2, 86, 0, 0, 8], [1, 56, 95, 0, 5], [0, 1, 15, 125, 0], [0, 0, 1, 0, 52]]
A2020-NX-01-0024_3_
acc=83.791, loss=0.00670, correct=672, total=802
[[158, 22, 6, 0, 22], [5, 176, 44, 0, 4], [0, 7, 135, 1, 0], [0, 0, 9, 71, 0], [2, 7, 1, 0, 132]]
A2020-NX-01-0028_1_
acc=81.219, loss=0.00831, correct=653, total=804
[[130, 6, 0, 0, 0], [9, 73, 5, 0, 1], [4, 31, 249, 0, 8], [0, 0, 50, 65, 0], [5, 20, 12, 0, 136]]
A2020-NX-01-0030_3_
acc=77.834, loss=0.00801, correct=618, total=794
[[214, 44, 15, 1, 18], [1, 68, 2, 0, 1], [0, 77, 211, 2, 1], [0, 0, 9, 42, 0], [0, 4, 1, 0, 83]]
A2020-NX-01-0050_3_
acc=77.099, loss=0.00974, correct=606, total=786
[[114, 1, 0, 0, 3], [23, 60, 9, 1, 8], [7, 26, 248, 81, 12], [0, 0, 0, 48, 0], [9, 0, 0, 0, 136]]
A2020-NX-01-0063_2_
acc=87.760, loss=0.00433, correct=674, total=768
[[257, 8, 2, 0, 0], [13, 69, 14, 0, 5], [0, 19, 311, 23, 10], [0, 0, 0, 0, 0], [0, 0, 0, 0, 37]]
A2020-NX-01-0068_3_
acc=90.090, loss=0.00407, correct=700, total=777
[[41, 7, 4, 0, 5], [3, 46, 20, 1, 9], [0, 3, 498, 21, 0], [0, 0, 0, 0, 0], [0, 3, 1, 0, 115]]
A2020-NX-01-0083_0_
acc=92.513, loss=0.00256, correct=729, total=788
[[245, 2, 0, 0, 0], [7, 9, 1, 2, 0], [1, 1, 69, 35, 0], [0, 0, 4, 278, 6], [0, 0, 0, 0, 128]]
A2020-NX-01-0089_1_
acc=85.863, loss=0.00536, correct=662, total=771
[[122, 2, 0, 0, 1], [7, 35, 1, 0, 9], [10, 34, 293, 26, 14], [0, 0, 5, 91, 0], [0, 0, 0, 0, 121]]
A2020-NX-01-0095_3_
acc=75.032, loss=0.01247, correct=580, total=773
[[342, 2, 1, 0, 0], [58, 100, 3, 0, 9], [3, 29, 37, 0, 4], [0, 1, 28, 5, 0], [42, 13, 0, 0, 96]]
A2020-NX-01-0096_3_
acc=80.081, loss=0.00786, correct=595, total=743
[[122, 17, 2, 0, 5], [6, 144, 10, 0, 1], [1, 90, 257, 0, 1], [0, 0, 4, 9, 0], [0, 8, 3, 0, 63]]
A2020-NX-01-0103_0_
acc=79.001, loss=0.01276, correct=617, total=781
[[41, 3, 2, 0, 0], [7, 17, 9, 1, 0], [1, 11, 395, 0, 7], [0, 0, 118, 65, 0], [0, 1, 4, 0, 99]]
A2020-NX-01-0109_3_
acc=75.391, loss=0.00985, correct=579, total=768
[[198, 0, 2, 1, 0], [67, 36, 38, 0, 0], [18, 22, 227, 6, 0], [0, 0, 2, 51, 0], [24, 4, 5, 0, 67]]
A2020-NX-01-0112_1_
acc=91.569, loss=0.00372, correct=706, total=771
[[37, 3, 2, 0, 0], [3, 51, 13, 0, 1], [0, 11, 253, 12, 1], [0, 2, 17, 193, 0], [0, 0, 0, 0, 172]]
A2020-NX-01-0126_1_
acc=82.500, loss=0.00938, correct=660, total=800
[[143, 0, 0, 0, 1], [12, 36, 3, 0, 4], [1, 19, 224, 0, 8], [1, 2, 86, 56, 0], [1, 0, 2, 0, 201]]
A2020-NX-01-0129_3_
acc=86.518, loss=0.00513, correct=661, total=764
[[181, 7, 2, 0, 0], [5, 82, 13, 1, 5], [2, 25, 222, 2, 5], [0, 0, 32, 102, 0], [1, 3, 0, 0, 74]]
A2020-NX-01-0134_2_
acc=81.170, loss=0.00916, correct=638, total=786
[[266, 12, 4, 0, 12], [20, 31, 35, 1, 10], [2, 5, 228, 17, 1], [0, 0, 17, 0, 0], [8, 1, 3, 0, 113]]
A2020-NX-01-0153_0_
acc=88.381, loss=0.00410, correct=677, total=766
[[26, 2, 0, 0, 7], [9, 53, 4, 1, 9], [0, 29, 230, 11, 5], [0, 0, 8, 179, 0], [0, 1, 3, 0, 189]]
A2020-NX-01-0159_2_
acc=87.688, loss=0.00505, correct=698, total=796
[[218, 9, 1, 0, 0], [4, 26, 6, 0, 2], [9, 17, 206, 15, 6], [3, 0, 18, 199, 0], [0, 3, 5, 0, 49]]
A2020-NX-01-0170_0_
acc=91.555, loss=0.00299, correct=683, total=746
[[213, 0, 0, 0, 0], [12, 19, 1, 0, 2], [0, 2, 168, 4, 0], [1, 1, 30, 166, 0], [2, 3, 5, 0, 117]]
A2020-NX-01-0211_1_
acc=89.015, loss=0.00455, correct=705, total=792
[[210, 4, 1, 0, 2], [19, 32, 3, 0, 2], [2, 23, 180, 13, 10], [0, 0, 7, 167, 0], [1, 0, 0, 0, 116]]
A2020-NX-01-0222_3_
acc=88.662, loss=0.00481, correct=696, total=785
[[223, 9, 3, 0, 0], [6, 157, 36, 0, 2], [1, 17, 196, 0, 0], [0, 0, 11, 43, 0], [3, 0, 1, 0, 77]]
A2020-NX-01-0224_3_
acc=79.365, loss=0.00899, correct=600, total=756
[[135, 4, 5, 0, 9], [29, 121, 7, 0, 28], [5, 18, 107, 0, 16], [0, 0, 35, 117, 0], [0, 0, 0, 0, 120]]
A2020-NX-01-0226_1_
acc=84.503, loss=0.00595, correct=638, total=755
[[113, 2, 1, 1, 13], [13, 36, 8, 0, 3], [3, 6, 181, 62, 2], [0, 0, 0, 120, 0], [2, 0, 1, 0, 188]]
A2020-NX-01-0230_2_
acc=80.028, loss=0.00832, correct=573, total=716
[[99, 12, 2, 0, 8], [3, 29, 4, 0, 3], [1, 21, 188, 0, 17], [0, 2, 70, 150, 0], [0, 0, 0, 0, 107]]
A2020-NX-01-0251_3_
acc=81.172, loss=0.00826, correct=651, total=802
[[102, 7, 4, 0, 4], [16, 28, 40, 1, 24], [4, 5, 280, 9, 11], [0, 0, 10, 185, 0], [13, 0, 3, 0, 56]]
A2020-NX-01-0265_3_
acc=85.490, loss=0.00530, correct=654, total=765
[[281, 4, 3, 0, 0], [19, 103, 10, 0, 2], [7, 45, 183, 0, 2], [0, 0, 11, 14, 0], [3, 2, 3, 0, 73]]
A2020-NX-01-0268_2_
acc=81.769, loss=0.00798, correct=610, total=746
[[174, 1, 2, 0, 2], [11, 43, 2, 0, 1], [4, 37, 252, 0, 4], [0, 4, 64, 70, 0], [1, 0, 3, 0, 71]]
A2020-NX-01-0273_3_
acc=89.770, loss=0.00468, correct=702, total=782
[[123, 5, 3, 0, 1], [7, 108, 7, 0, 2], [1, 21, 166, 5, 6], [1, 0, 20, 159, 0], [1, 0, 0, 0, 146]]
A2020-NX-01-0288_1_
acc=90.991, loss=0.00381, correct=707, total=777
[[278, 3, 1, 0, 4], [9, 32, 20, 2, 2], [5, 2, 145, 4, 2], [0, 0, 12, 159, 0], [0, 0, 4, 0, 93]]
A2020-NX-01-0308_3_
acc=86.439, loss=0.00465, correct=682, total=789
[[291, 24, 3, 1, 0], [2, 65, 3, 0, 0], [5, 57, 181, 0, 0], [0, 1, 7, 98, 0], [0, 3, 1, 0, 47]]
A2020-NX-01-0309_3_
acc=85.046, loss=0.00946, correct=654, total=769
[[185, 2, 3, 0, 0], [23, 31, 21, 0, 0], [5, 22, 250, 29, 0], [0, 1, 1, 47, 0], [6, 0, 2, 0, 141]]
A2020-NX-01-0314_3_
acc=84.933, loss=0.00556, correct=637, total=750
[[91, 3, 5, 0, 9], [5, 21, 2, 0, 0], [13, 11, 307, 46, 6], [0, 0, 0, 95, 0], [3, 0, 10, 0, 123]]
A2020-NX-01-0322_1_
acc=92.116, loss=0.00350, correct=701, total=761
[[213, 5, 1, 0, 3], [0, 2, 1, 0, 1], [0, 3, 230, 6, 12], [0, 1, 15, 175, 0], [0, 1, 11, 0, 81]]
A2020-NX-01-0329_2_
acc=83.961, loss=0.00581, correct=691, total=823
[[90, 6, 3, 0, 2], [12, 68, 28, 0, 1], [0, 24, 311, 6, 2], [0, 0, 12, 76, 0], [16, 10, 10, 0, 146]]
A2020-NX-01-0352_2_
acc=91.043, loss=0.00375, correct=681, total=748
[[81, 6, 1, 1, 1], [3, 24, 25, 0, 0], [2, 2, 269, 5, 1], [0, 0, 10, 138, 0], [2, 3, 5, 0, 169]]
A2020-NX-01-0354_3_
acc=87.615, loss=0.00488, correct=665, total=759
[[63, 8, 5, 1, 16], [0, 24, 3, 0, 0], [0, 7, 270, 37, 1], [0, 0, 13, 132, 0], [0, 0, 3, 0, 176]]
A2020-NX-01-0359_0_
acc=88.250, loss=0.00534, correct=706, total=800
[[104, 1, 7, 1, 7], [2, 13, 5, 0, 7], [5, 9, 329, 8, 5], [1, 0, 18, 101, 1], [2, 2, 13, 0, 159]]
A2020-NX-01-0360_2_
acc=87.566, loss=0.00481, correct=662, total=756
[[66, 5, 1, 1, 2], [3, 50, 23, 0, 0], [1, 4, 197, 0, 3], [0, 1, 33, 169, 0], [3, 7, 7, 0, 180]]
A2020-NX-01-0365_1_
acc=87.614, loss=0.00463, correct=672, total=767
[[83, 23, 2, 1, 1], [2, 34, 3, 0, 1], [0, 31, 205, 8, 8], [0, 1, 12, 188, 0], [0, 0, 2, 0, 162]]
A2020-NX-01-0368_3_
acc=82.649, loss=0.00693, correct=624, total=755
[[87, 12, 3, 0, 5], [12, 157, 42, 5, 1], [1, 11, 109, 8, 1], [0, 2, 15, 119, 0], [2, 6, 5, 0, 152]]
A2020-NX-01-0373_1_
acc=90.196, loss=0.00408, correct=736, total=816
[[48, 1, 3, 0, 5], [3, 13, 9, 0, 2], [4, 3, 255, 6, 2], [1, 0, 35, 208, 0], [1, 2, 3, 0, 212]]
A2020-NX-01-0382_3_
acc=87.105, loss=0.00497, correct=662, total=760
[[212, 6, 2, 0, 1], [15, 56, 44, 1, 0], [2, 4, 107, 3, 0], [0, 0, 10, 175, 0], [1, 2, 7, 0, 112]]
A2020-NX-01-0386_3_
acc=86.649, loss=0.00560, correct=662, total=764
[[154, 7, 5, 0, 9], [12, 138, 9, 0, 1], [4, 43, 211, 0, 1], [0, 0, 3, 37, 0], [2, 5, 1, 0, 122]]
A2020-NX-01-0388_2_
acc=81.892, loss=0.00649, correct=606, total=740
[[65, 4, 1, 0, 0], [9, 28, 2, 0, 0], [11, 63, 263, 3, 6], [1, 0, 24, 154, 0], [1, 9, 0, 0, 96]]
A2020-NX-01-0397_2_
acc=89.877, loss=0.00379, correct=728, total=810
[[408, 25, 2, 0, 0], [11, 93, 20, 1, 0], [1, 4, 193, 10, 0], [0, 0, 8, 34, 0], [0, 0, 0, 0, 0]]
A2020-NX-01-0461_2_
acc=84.733, loss=0.00540, correct=666, total=786
[[352, 9, 3, 1, 5], [0, 36, 2, 0, 1], [1, 30, 115, 1, 3], [1, 7, 49, 134, 0], [0, 2, 5, 0, 29]]
A2020-NX-01-0490_1_
acc=87.577, loss=0.00560, correct=853, total=974
[[201, 20, 3, 0, 11], [3, 66, 3, 0, 2], [0, 29, 251, 2, 13], [0, 0, 5, 141, 0], [6, 11, 13, 0, 194]]
A2020-NX-01-0494_2_
acc=84.388, loss=0.00656, correct=627, total=743
[[66, 26, 16, 1, 6], [0, 18, 9, 0, 0], [0, 15, 255, 6, 1], [0, 1, 27, 126, 0], [0, 0, 8, 0, 162]]
A2020-NX-01-0508_3_
acc=83.701, loss=0.00531, correct=683, total=816
[[85, 5, 7, 0, 0], [19, 41, 15, 0, 10], [3, 29, 407, 40, 0], [0, 0, 0, 60, 0], [2, 0, 3, 0, 90]]
A2020-NX-01-0529_2_
acc=81.374, loss=0.00807, correct=616, total=757
[[93, 4, 0, 0, 0], [4, 45, 11, 2, 5], [3, 24, 140, 37, 9], [0, 3, 36, 225, 0], [0, 0, 3, 0, 113]]
A2020-NX-01-0534_3_
acc=82.507, loss=0.00621, correct=599, total=726
[[116, 9, 2, 0, 3], [30, 95, 4, 0, 1], [2, 21, 263, 48, 0], [0, 0, 0, 56, 0], [1, 2, 4, 0, 69]]
A2020-NX-01-0541_3_
acc=80.026, loss=0.00760, correct=625, total=781
[[270, 37, 19, 0, 5], [31, 96, 3, 0, 0], [4, 51, 186, 6, 0], [0, 0, 0, 45, 0], [0, 0, 0, 0, 28]]
A2020-NX-01-0549_3_
acc=87.637, loss=0.00464, correct=319, total=364
[[72, 6, 1, 0, 3], [0, 55, 6, 0, 0], [2, 23, 163, 0, 1], [0, 0, 0, 0, 0], [0, 1, 2, 0, 29]]
A2020-NX-01-0550_1_
acc=81.344, loss=0.00741, correct=593, total=729
[[86, 0, 3, 0, 4], [5, 32, 4, 0, 0], [1, 8, 181, 0, 1], [1, 3, 95, 150, 0], [4, 3, 3, 1, 144]]
A2020-NX-01-0561_2_
acc=91.762, loss=0.00369, correct=724, total=789
[[81, 10, 7, 0, 0], [4, 49, 10, 0, 2], [0, 2, 243, 12, 0], [0, 1, 6, 170, 0], [0, 2, 8, 1, 181]]
A2020-NX-01-0567_2_
acc=90.956, loss=0.00334, correct=704, total=774
[[51, 8, 0, 0, 2], [2, 37, 18, 0, 0], [0, 2, 255, 4, 2], [0, 0, 25, 210, 0], [0, 0, 7, 0, 151]]
A2020-NX-01-0573_3_
acc=72.760, loss=0.01506, correct=601, total=826
[[87, 6, 1, 0, 0], [8, 138, 28, 0, 0], [4, 50, 197, 0, 0], [0, 0, 0, 0, 0], [13, 70, 45, 0, 179]]
A2020-NX-01-0579_3_
acc=93.038, loss=0.00306, correct=735, total=790
[[552, 18, 11, 0, 0], [2, 23, 1, 0, 0], [0, 18, 90, 0, 1], [0, 0, 4, 70, 0], [0, 0, 0, 0, 0]]
A2020-NX-01-0590_3_
acc=88.327, loss=0.00455, correct=681, total=771
[[156, 9, 3, 0, 4], [5, 70, 24, 0, 1], [2, 11, 208, 2, 2], [1, 0, 5, 104, 0], [9, 2, 10, 0, 143]]
A2020-NX-01-0591_2_
acc=87.704, loss=0.00443, correct=699, total=797
[[72, 6, 2, 0, 3], [3, 33, 13, 0, 3], [1, 3, 242, 2, 0], [0, 0, 48, 198, 0], [11, 3, 0, 0, 154]]
A2020-NX-01-0596_2_
acc=74.700, loss=0.00911, correct=623, total=834
[[417, 31, 0, 0, 0], [136, 179, 3, 0, 0], [5, 36, 27, 0, 0], [0, 0, 0, 0, 0], [0, 0, 0, 0, 0]]
A2020-NX-01-0623_3_
acc=84.856, loss=0.00575, correct=650, total=766
[[173, 17, 6, 1, 8], [0, 31, 5, 0, 0], [1, 30, 218, 9, 0], [0, 0, 31, 146, 0], [0, 5, 3, 0, 82]]
A2020-NX-01-0635_3_
acc=81.843, loss=0.00656, correct=595, total=727
[[140, 3, 0, 0, 7], [6, 72, 17, 5, 11], [3, 15, 176, 56, 7], [1, 0, 0, 39, 0], [0, 1, 0, 0, 168]]
A2020-NX-01-0646_0_
acc=88.914, loss=0.00425, correct=794, total=893
[[395, 4, 2, 0, 6], [20, 36, 15, 1, 10], [0, 4, 199, 23, 4], [0, 0, 9, 39, 0], [1, 0, 0, 0, 125]]
A2020-NX-01-0647_3_
acc=84.791, loss=0.00620, correct=669, total=789
[[325, 17, 3, 0, 1], [34, 184, 29, 0, 0], [9, 16, 105, 4, 0], [0, 0, 0, 0, 0], [3, 3, 1, 0, 55]]
A2020-NX-01-0656_3_
acc=81.037, loss=0.00713, correct=594, total=733
[[60, 6, 1, 0, 10], [2, 35, 3, 0, 8], [1, 34, 277, 12, 27], [0, 0, 33, 123, 0], [1, 0, 1, 0, 99]]
A2020-NX-01-0677_3_
acc=84.303, loss=0.00614, correct=623, total=739
[[95, 9, 0, 0, 7], [7, 99, 21, 0, 12], [2, 12, 193, 0, 4], [0, 1, 30, 131, 1], [4, 6, 0, 0, 105]]
A2020-NX-01-0699_3_
acc=68.809, loss=0.01331, correct=514, total=747
[[160, 7, 3, 0, 0], [65, 34, 4, 0, 6], [19, 41, 259, 73, 3], [0, 0, 0, 11, 0], [12, 0, 0, 0, 50]]
A2020-NX-01-0707_3_
acc=81.008, loss=0.00899, correct=627, total=774
[[303, 16, 3, 0, 3], [1, 23, 3, 0, 1], [2, 66, 155, 0, 0], [0, 3, 47, 88, 0], [1, 0, 1, 0, 58]]
A2020-NX-01-0708_3_
acc=80.435, loss=0.00757, correct=629, total=782
[[103, 2, 0, 0, 3], [30, 149, 29, 0, 11], [4, 44, 238, 0, 5], [0, 0, 15, 0, 0], [9, 0, 1, 0, 139]]
A2020-NX-01-0730_3_
acc=83.457, loss=0.00705, correct=676, total=810
[[55, 1, 0, 1, 0], [2, 51, 51, 1, 2], [2, 6, 280, 15, 7], [0, 0, 32, 105, 0], [4, 1, 9, 0, 185]]
A2020-NX-01-0737_3_
acc=83.760, loss=0.00669, correct=655, total=782
[[97, 3, 1, 1, 4], [5, 66, 22, 1, 13], [0, 25, 223, 14, 3], [0, 0, 15, 144, 4], [5, 10, 1, 0, 125]]
A2020-NX-01-0766_3_
acc=76.255, loss=0.00894, correct=562, total=737
[[106, 4, 1, 0, 7], [17, 62, 19, 6, 1], [2, 4, 160, 110, 0], [0, 0, 0, 77, 0], [4, 0, 0, 0, 157]]
A2020-NX-01-0776_3_
acc=81.684, loss=0.01012, correct=611, total=748
[[204, 6, 2, 0, 0], [14, 117, 6, 0, 2], [1, 36, 144, 0, 10], [0, 2, 58, 77, 0], [0, 0, 0, 0, 69]]
23998.581944609374
82.7537308434806
