Efficientb0-10class-F_C_E_11channel_new_TA_2-2_back-5class_lstm(batch_size=64)_adamw_cosinerestart.pth
==> Building model..
Loaded pretrained weights for efficientnet-b0
==> Resuming from checkpoint..
best acc: 82.697768
008_2_
acc=88.298, loss=0.00437, correct=664, total=752
[[253, 7, 4, 0, 2], [13, 81, 11, 0, 7], [4, 19, 211, 4, 3], [0, 0, 0, 67, 0], [6, 7, 1, 0, 52]]
040_3_
acc=83.289, loss=0.00633, correct=628, total=754
[[350, 16, 2, 0, 5], [20, 120, 3, 0, 5], [9, 38, 85, 0, 4], [0, 0, 20, 17, 0], [3, 1, 0, 0, 56]]
047_0_
acc=88.966, loss=0.00547, correct=645, total=725
[[30, 1, 1, 0, 1], [0, 22, 3, 1, 3], [2, 30, 402, 19, 7], [0, 0, 0, 87, 0], [0, 9, 3, 0, 104]]
049_3_
acc=88.348, loss=0.00478, correct=781, total=884
[[497, 18, 0, 0, 0], [38, 229, 13, 0, 0], [1, 24, 16, 0, 0], [0, 0, 0, 0, 0], [3, 5, 1, 0, 39]]
055_3_
acc=46.581, loss=0.02672, correct=109, total=234
[[11, 19, 1, 3, 0], [0, 81, 12, 62, 3], [0, 11, 13, 14, 0], [0, 0, 0, 0, 0], [0, 0, 0, 0, 4]]
061_3_
acc=82.787, loss=0.00757, correct=303, total=366
[[130, 20, 6, 0, 0], [9, 107, 10, 0, 2], [3, 13, 52, 0, 0], [0, 0, 0, 0, 0], [0, 0, 0, 0, 14]]
070_3_
acc=86.326, loss=0.00602, correct=625, total=724
[[205, 11, 0, 0, 3], [30, 207, 13, 0, 3], [3, 27, 164, 0, 0], [0, 0, 0, 0, 0], [3, 6, 0, 0, 49]]
072_3_
acc=83.126, loss=0.00678, correct=601, total=723
[[228, 8, 0, 0, 2], [44, 144, 13, 0, 10], [2, 9, 148, 3, 8], [0, 0, 0, 0, 0], [8, 14, 1, 0, 81]]
077_2_
acc=83.376, loss=0.00620, correct=652, total=782
[[239, 3, 0, 0, 3], [11, 63, 12, 0, 5], [2, 18, 228, 0, 0], [0, 0, 44, 9, 0], [12, 5, 15, 0, 113]]
086_3_
acc=85.535, loss=0.00713, correct=615, total=719
[[223, 4, 1, 0, 1], [30, 221, 16, 0, 25], [2, 10, 126, 0, 3], [0, 0, 0, 0, 0], [6, 6, 0, 0, 45]]
098_1_
acc=84.511, loss=0.00650, correct=622, total=736
[[109, 2, 3, 0, 10], [17, 31, 3, 0, 0], [17, 41, 448, 0, 0], [0, 0, 4, 0, 0], [17, 0, 0, 0, 34]]
101_1_
acc=82.018, loss=0.00781, correct=634, total=773
[[186, 8, 5, 1, 44], [3, 79, 3, 0, 14], [2, 27, 252, 0, 4], [0, 0, 10, 22, 0], [11, 5, 2, 0, 95]]
104_1_
acc=80.105, loss=0.00775, correct=608, total=759
[[182, 3, 1, 0, 2], [41, 70, 14, 0, 8], [6, 43, 265, 0, 1], [0, 0, 0, 0, 0], [30, 1, 1, 0, 91]]
122_3_
acc=87.361, loss=0.00523, correct=629, total=720
[[185, 12, 11, 0, 7], [6, 103, 21, 0, 2], [4, 11, 289, 2, 0], [0, 0, 0, 0, 0], [2, 12, 1, 0, 52]]
136_2_
acc=88.104, loss=0.00454, correct=711, total=807
[[194, 15, 5, 0, 4], [13, 68, 13, 0, 1], [1, 15, 342, 2, 1], [0, 0, 8, 2, 0], [1, 11, 6, 0, 105]]
142_2_
acc=89.261, loss=0.00439, correct=640, total=717
[[73, 1, 0, 0, 3], [9, 78, 14, 0, 8], [0, 16, 318, 0, 2], [0, 0, 9, 60, 0], [0, 3, 12, 0, 111]]
150_1_
acc=80.726, loss=0.00740, correct=578, total=716
[[109, 1, 1, 0, 4], [20, 41, 2, 0, 1], [12, 54, 286, 0, 1], [0, 0, 30, 40, 0], [0, 5, 7, 0, 102]]
155_3_
acc=89.959, loss=0.00477, correct=663, total=737
[[147, 8, 1, 0, 6], [1, 84, 16, 0, 7], [0, 26, 354, 0, 4], [0, 0, 0, 0, 0], [3, 2, 0, 0, 78]]
156_3_
acc=82.206, loss=0.00791, correct=693, total=843
[[322, 18, 10, 0, 10], [50, 144, 4, 0, 0], [3, 39, 145, 0, 1], [0, 0, 0, 0, 0], [3, 9, 3, 0, 82]]
171_2_
acc=95.215, loss=0.00247, correct=776, total=815
[[245, 2, 1, 0, 3], [7, 85, 3, 0, 0], [0, 19, 316, 0, 0], [0, 0, 0, 0, 0], [0, 1, 3, 0, 130]]
180_2_
acc=83.311, loss=0.00627, correct=619, total=743
[[211, 11, 2, 0, 2], [9, 75, 2, 0, 12], [1, 22, 245, 4, 3], [0, 1, 54, 16, 0], [0, 1, 0, 0, 72]]
186_3_
acc=84.626, loss=0.00623, correct=611, total=722
[[167, 27, 7, 0, 2], [0, 118, 9, 0, 8], [4, 46, 231, 0, 2], [0, 0, 0, 0, 0], [5, 1, 0, 0, 95]]
189_3_
acc=84.417, loss=0.00553, correct=623, total=738
[[59, 5, 3, 0, 2], [2, 112, 22, 0, 0], [0, 18, 313, 0, 0], [0, 0, 43, 1, 0], [6, 9, 5, 0, 138]]
196_0_
acc=91.061, loss=0.00381, correct=652, total=716
[[248, 7, 0, 0, 8], [3, 24, 14, 0, 17], [2, 9, 291, 0, 2], [0, 0, 0, 0, 0], [2, 0, 0, 0, 89]]
215_3_
acc=82.754, loss=0.00717, correct=595, total=719
[[96, 9, 4, 0, 21], [6, 52, 33, 0, 4], [1, 15, 315, 1, 1], [0, 0, 13, 41, 0], [7, 4, 5, 0, 91]]
232_3_
acc=83.673, loss=0.00654, correct=697, total=833
[[385, 65, 1, 0, 0], [27, 235, 17, 0, 3], [5, 18, 77, 0, 0], [0, 0, 0, 0, 0], [0, 0, 0, 0, 0]]
239_3_
acc=77.158, loss=0.01040, correct=581, total=753
[[253, 11, 2, 0, 2], [16, 83, 51, 0, 0], [2, 9, 188, 48, 0], [0, 0, 0, 0, 0], [12, 7, 12, 0, 57]]
254_1_
acc=88.552, loss=0.00497, correct=642, total=725
[[295, 20, 6, 0, 7], [13, 126, 25, 0, 1], [3, 8, 181, 0, 0], [0, 0, 0, 0, 0], [0, 0, 0, 0, 40]]
267_2_
acc=92.510, loss=0.00414, correct=667, total=721
[[57, 3, 1, 0, 8], [1, 39, 14, 0, 1], [0, 11, 462, 10, 0], [0, 0, 0, 33, 0], [2, 3, 0, 0, 76]]
301_3_
acc=78.056, loss=0.00929, correct=562, total=720
[[88, 10, 1, 0, 15], [5, 64, 24, 0, 1], [6, 41, 326, 1, 0], [0, 0, 8, 3, 0], [14, 18, 14, 0, 81]]
307_0_
acc=91.213, loss=0.00337, correct=654, total=717
[[158, 7, 2, 0, 17], [10, 28, 10, 0, 1], [3, 11, 441, 0, 0], [0, 0, 0, 0, 0], [1, 1, 0, 0, 27]]
317_1_
acc=76.838, loss=0.01008, correct=554, total=721
[[195, 13, 2, 0, 3], [12, 106, 26, 0, 0], [0, 52, 239, 0, 0], [0, 0, 7, 0, 0], [22, 28, 2, 0, 14]]
322_3_
acc=76.712, loss=0.00863, correct=560, total=730
[[158, 12, 5, 0, 0], [16, 114, 20, 0, 2], [7, 50, 227, 9, 1], [0, 1, 29, 39, 0], [6, 11, 1, 0, 22]]
334_0_
acc=53.064, loss=0.01897, correct=381, total=718
[[128, 122, 0, 0, 34], [0, 97, 47, 0, 44], [0, 43, 24, 0, 0], [0, 0, 0, 0, 0], [0, 41, 6, 0, 132]]
371_1_
acc=84.680, loss=0.00590, correct=608, total=718
[[78, 6, 0, 0, 0], [0, 23, 13, 0, 0], [3, 15, 372, 7, 0], [1, 0, 4, 123, 0], [0, 17, 44, 0, 12]]
378_1_
acc=77.238, loss=0.01309, correct=811, total=1050
[[720, 0, 0, 0, 0], [190, 34, 10, 0, 0], [4, 22, 57, 13, 0], [0, 0, 0, 0, 0], [0, 0, 0, 0, 0]]
384_1_
acc=83.978, loss=0.00589, correct=608, total=724
[[90, 6, 0, 0, 11], [1, 37, 4, 0, 6], [2, 4, 320, 0, 3], [0, 0, 76, 60, 0], [3, 0, 0, 0, 101]]
392_2_
acc=87.190, loss=0.00496, correct=633, total=726
[[280, 41, 4, 0, 0], [8, 71, 10, 0, 0], [2, 12, 272, 0, 0], [0, 0, 0, 0, 0], [2, 7, 7, 0, 10]]
393_2_
acc=79.255, loss=0.00786, correct=596, total=752
[[277, 11, 1, 0, 14], [35, 130, 9, 0, 41], [0, 7, 140, 0, 0], [0, 0, 37, 1, 0], [1, 0, 0, 0, 48]]
419_3_
acc=85.042, loss=0.00609, correct=614, total=722
[[149, 17, 0, 0, 4], [4, 91, 25, 0, 0], [3, 27, 265, 0, 0], [0, 0, 0, 0, 0], [11, 9, 8, 0, 109]]
433_3_
acc=82.345, loss=0.00641, correct=597, total=725
[[115, 12, 5, 0, 6], [4, 207, 44, 0, 5], [2, 35, 166, 0, 0], [0, 0, 0, 0, 0], [9, 6, 0, 0, 109]]
439_2_
acc=91.162, loss=0.00351, correct=722, total=792
[[288, 15, 1, 0, 10], [0, 41, 18, 0, 2], [1, 11, 360, 0, 5], [0, 0, 0, 0, 0], [0, 4, 3, 0, 33]]
487_2_
acc=86.575, loss=0.00440, correct=632, total=730
[[127, 6, 0, 0, 5], [4, 41, 15, 1, 3], [3, 21, 354, 3, 4], [0, 1, 21, 27, 0], [4, 3, 4, 0, 83]]
496_3_
acc=82.177, loss=0.00692, correct=604, total=735
[[123, 19, 1, 0, 5], [7, 165, 22, 0, 4], [5, 52, 206, 0, 0], [0, 0, 0, 0, 0], [3, 10, 3, 0, 110]]
506_3_
acc=77.361, loss=0.00838, correct=557, total=720
[[176, 16, 1, 0, 11], [12, 198, 76, 0, 19], [0, 17, 102, 0, 3], [0, 0, 0, 0, 0], [3, 5, 0, 0, 81]]
538_3_
acc=85.714, loss=0.00582, correct=618, total=721
[[134, 21, 0, 0, 4], [8, 364, 43, 0, 0], [1, 17, 67, 0, 0], [0, 0, 0, 0, 0], [0, 5, 4, 0, 53]]
542_3_
acc=75.995, loss=0.01000, correct=554, total=729
[[145, 8, 0, 0, 0], [23, 188, 55, 1, 1], [3, 43, 178, 12, 0], [0, 2, 6, 3, 0], [17, 3, 1, 0, 40]]
550_3_
acc=78.668, loss=0.00803, correct=579, total=736
[[338, 5, 2, 0, 2], [18, 101, 59, 0, 0], [2, 17, 68, 0, 1], [0, 2, 4, 0, 0], [18, 15, 12, 0, 72]]
554_3_
acc=88.790, loss=0.00510, correct=697, total=785
[[396, 7, 2, 0, 2], [22, 133, 16, 1, 0], [3, 6, 147, 6, 0], [0, 0, 6, 4, 0], [6, 11, 0, 0, 17]]
558_2_
acc=80.739, loss=0.00733, correct=612, total=758
[[250, 0, 0, 0, 1], [11, 93, 27, 0, 0], [5, 24, 107, 0, 0], [0, 0, 25, 58, 0], [8, 13, 32, 0, 104]]
566_2_
acc=88.340, loss=0.00480, correct=644, total=729
[[216, 0, 4, 0, 0], [16, 26, 22, 0, 0], [10, 9, 246, 10, 4], [0, 0, 2, 81, 0], [1, 1, 6, 0, 75]]
567_3_
acc=88.798, loss=0.00518, correct=650, total=732
[[246, 19, 3, 0, 0], [27, 372, 12, 0, 2], [2, 17, 32, 0, 0], [0, 0, 0, 0, 0], [0, 0, 0, 0, 0]]
581_2_
acc=92.350, loss=0.00324, correct=664, total=719
[[108, 3, 1, 0, 7], [3, 50, 9, 0, 0], [1, 13, 389, 0, 0], [0, 0, 0, 0, 0], [5, 6, 7, 0, 117]]
586_3_
acc=86.245, loss=0.00558, correct=627, total=727
[[305, 8, 0, 0, 1], [8, 174, 13, 0, 0], [4, 42, 123, 2, 0], [0, 0, 5, 7, 0], [3, 10, 4, 0, 18]]
597_3_
acc=84.701, loss=0.00622, correct=609, total=719
[[58, 14, 1, 0, 3], [0, 131, 22, 0, 6], [4, 37, 304, 13, 2], [1, 0, 2, 37, 0], [0, 1, 4, 0, 79]]
611_2_
acc=79.109, loss=0.00832, correct=568, total=718
[[76, 5, 2, 0, 5], [2, 35, 62, 0, 4], [0, 8, 305, 1, 2], [0, 0, 49, 3, 0], [1, 8, 1, 0, 149]]
618_3_
acc=78.809, loss=0.00825, correct=569, total=722
[[342, 1, 3, 0, 1], [33, 90, 49, 0, 1], [6, 25, 90, 0, 1], [0, 0, 0, 0, 0], [2, 10, 21, 0, 47]]
623_3_
acc=75.173, loss=0.01183, correct=542, total=721
[[33, 12, 1, 0, 9], [4, 179, 110, 0, 22], [1, 5, 214, 0, 0], [0, 0, 0, 0, 0], [2, 9, 4, 0, 116]]
629_2_
acc=86.974, loss=0.00537, correct=641, total=737
[[116, 1, 1, 0, 1], [29, 16, 7, 0, 0], [27, 15, 412, 0, 1], [0, 0, 0, 0, 0], [11, 1, 2, 0, 97]]
637_2_
acc=75.791, loss=0.00901, correct=551, total=727
[[124, 3, 0, 0, 0], [22, 91, 48, 0, 0], [10, 80, 313, 0, 0], [0, 0, 0, 0, 0], [13, 0, 0, 0, 23]]
642_3_
acc=90.972, loss=0.00439, correct=655, total=720
[[180, 5, 0, 0, 1], [8, 69, 24, 0, 6], [2, 13, 315, 0, 3], [0, 0, 0, 0, 0], [2, 1, 0, 0, 91]]
645_1_
acc=90.874, loss=0.00385, correct=707, total=778
[[236, 4, 0, 0, 6], [13, 47, 9, 0, 0], [1, 14, 295, 0, 1], [0, 0, 6, 0, 0], [0, 3, 14, 0, 129]]
A2019-NX-01-0009_2_
acc=86.979, loss=0.00436, correct=501, total=576
[[198, 13, 1, 0, 2], [0, 49, 5, 0, 3], [1, 19, 154, 19, 5], [0, 0, 0, 54, 0], [5, 2, 0, 0, 46]]
A2019-NX-01-0025_3_
acc=72.492, loss=0.01020, correct=224, total=309
[[43, 3, 0, 0, 1], [15, 57, 14, 0, 1], [7, 4, 83, 0, 2], [5, 7, 24, 11, 0], [2, 0, 0, 0, 30]]
A2019-NX-01-0042_1_
acc=84.277, loss=0.00559, correct=670, total=795
[[73, 19, 4, 3, 0], [0, 15, 5, 0, 0], [3, 23, 256, 0, 6], [0, 1, 55, 186, 0], [2, 1, 3, 0, 140]]
A2019-NX-01-0064_3_
acc=85.191, loss=0.00603, correct=558, total=655
[[214, 1, 0, 0, 5], [11, 57, 45, 1, 1], [3, 3, 228, 23, 0], [0, 0, 0, 26, 0], [3, 0, 1, 0, 33]]
A2019-NX-01-0072_3_
acc=67.251, loss=0.01714, correct=230, total=342
[[147, 10, 2, 0, 0], [21, 29, 0, 0, 0], [5, 46, 52, 0, 0], [0, 0, 28, 0, 0], [0, 0, 0, 0, 2]]
A2019-NX-01-0118_2_
acc=70.142, loss=0.01065, correct=444, total=633
[[33, 1, 0, 0, 0], [6, 29, 40, 2, 13], [2, 2, 213, 100, 10], [0, 0, 0, 67, 0], [1, 2, 10, 0, 102]]
A2019-NX-01-0157_3_
acc=85.226, loss=0.00638, correct=548, total=643
[[97, 6, 8, 0, 0], [5, 24, 16, 0, 0], [3, 12, 174, 1, 1], [3, 2, 34, 136, 0], [1, 0, 3, 0, 117]]
A2019-NX-01-0176_3_
acc=81.776, loss=0.00820, correct=525, total=642
[[145, 34, 2, 0, 5], [3, 122, 26, 0, 0], [2, 21, 148, 0, 0], [0, 0, 11, 20, 0], [1, 7, 5, 0, 90]]
A2019-NX-01-0193_3_
acc=74.451, loss=0.00996, correct=475, total=638
[[58, 34, 23, 0, 11], [0, 83, 21, 0, 0], [1, 28, 193, 0, 0], [0, 0, 13, 49, 0], [0, 12, 20, 0, 92]]
A2019-NX-01-0201_3_
acc=80.059, loss=0.00777, correct=542, total=677
[[49, 4, 3, 1, 0], [5, 61, 77, 0, 0], [2, 1, 222, 15, 1], [0, 0, 6, 125, 0], [5, 7, 8, 0, 85]]
A2019-NX-01-0206_3_
acc=73.633, loss=0.01235, correct=458, total=622
[[70, 27, 31, 0, 4], [0, 11, 5, 0, 0], [0, 15, 215, 16, 0], [0, 0, 18, 100, 0], [1, 13, 34, 0, 62]]
A2019-NX-01-0216_1_
acc=88.660, loss=0.00505, correct=344, total=388
[[122, 7, 1, 0, 2], [0, 21, 14, 3, 0], [0, 1, 67, 11, 0], [0, 0, 1, 78, 0], [0, 1, 3, 0, 56]]
A2019-NX-01-0259_3_
acc=89.086, loss=0.00517, correct=604, total=678
[[80, 1, 1, 0, 1], [12, 76, 19, 0, 0], [5, 13, 231, 9, 1], [0, 0, 1, 122, 0], [0, 3, 8, 0, 95]]
A2019-NX-01-0271_3_
acc=83.570, loss=0.00683, correct=529, total=633
[[234, 3, 0, 0, 2], [23, 109, 58, 0, 6], [3, 6, 149, 0, 1], [0, 0, 0, 0, 0], [2, 0, 0, 0, 37]]
A2019-NX-01-0277_0_
acc=81.413, loss=0.00934, correct=749, total=920
[[142, 0, 0, 0, 0], [25, 14, 7, 0, 2], [15, 3, 257, 0, 16], [0, 0, 91, 159, 2], [3, 3, 4, 0, 177]]
A2019-NX-01-0281_3_
acc=86.129, loss=0.00490, correct=652, total=757
[[131, 10, 2, 0, 1], [3, 21, 1, 1, 0], [8, 45, 288, 18, 4], [0, 0, 2, 98, 0], [8, 1, 1, 0, 114]]
A2019-NX-01-0284_3_
acc=84.911, loss=0.00657, correct=287, total=338
[[24, 3, 0, 1, 0], [7, 54, 17, 1, 1], [0, 6, 153, 9, 1], [0, 0, 4, 28, 0], [1, 0, 0, 0, 28]]
A2019-NX-01-0288_1_
acc=87.778, loss=0.00533, correct=711, total=810
[[231, 15, 1, 0, 1], [2, 38, 16, 0, 10], [0, 3, 241, 20, 29], [0, 0, 1, 185, 0], [0, 1, 0, 0, 16]]
A2019-NX-01-0292_3_
acc=80.738, loss=0.00873, correct=197, total=244
[[18, 1, 0, 0, 3], [1, 6, 7, 1, 2], [0, 0, 51, 21, 7], [0, 0, 2, 58, 0], [0, 2, 0, 0, 64]]
A2019-NX-01-0299_3_
acc=53.668, loss=0.02485, correct=139, total=259
[[48, 7, 16, 2, 0], [3, 28, 81, 4, 0], [0, 0, 11, 3, 0], [0, 0, 4, 52, 0], [0, 0, 0, 0, 0]]
A2019-NX-01-0310_3_
acc=81.885, loss=0.00709, correct=669, total=817
[[90, 8, 5, 0, 0], [20, 223, 51, 0, 14], [29, 11, 262, 0, 1], [0, 0, 0, 0, 0], [8, 0, 1, 0, 94]]
A2019-NX-01-0322_3_
acc=79.518, loss=0.00778, correct=528, total=664
[[231, 7, 12, 0, 0], [3, 22, 39, 0, 0], [0, 7, 229, 0, 0], [0, 1, 67, 46, 0], [0, 0, 0, 0, 0]]
A2019-NX-01-0325_1_
acc=88.206, loss=0.00518, correct=703, total=797
[[113, 14, 1, 0, 7], [6, 49, 14, 0, 5], [0, 2, 241, 0, 4], [0, 0, 36, 138, 0], [0, 1, 4, 0, 162]]
A2019-NX-01-0333_3_
acc=73.292, loss=0.01001, correct=472, total=644
[[161, 2, 2, 0, 0], [33, 104, 8, 0, 9], [6, 23, 140, 0, 0], [0, 0, 76, 4, 3], [9, 1, 0, 0, 63]]
A2019-NX-01-0348_3_
acc=79.416, loss=0.00873, correct=517, total=651
[[85, 27, 14, 2, 2], [0, 56, 18, 0, 0], [1, 18, 153, 0, 0], [0, 1, 43, 150, 0], [1, 4, 3, 0, 73]]
A2019-NX-01-0351_2_
acc=86.422, loss=0.00581, correct=541, total=626
[[39, 5, 0, 0, 1], [3, 22, 14, 0, 2], [1, 0, 132, 3, 2], [1, 1, 40, 256, 0], [2, 1, 9, 0, 92]]
A2019-NX-01-0386_3_
acc=88.479, loss=0.00475, correct=576, total=651
[[148, 1, 1, 0, 0], [10, 31, 1, 0, 0], [5, 20, 193, 29, 1], [0, 0, 1, 112, 0], [4, 0, 2, 0, 92]]
A2019-NX-01-0396_3_
acc=87.447, loss=0.00518, correct=613, total=701
[[75, 1, 1, 0, 2], [7, 49, 32, 0, 0], [3, 6, 193, 0, 0], [0, 0, 29, 138, 0], [3, 0, 4, 0, 158]]
A2019-NX-01-0419_3_
acc=73.993, loss=0.01201, correct=202, total=273
[[119, 19, 11, 1, 0], [1, 28, 2, 0, 0], [0, 19, 53, 0, 0], [0, 0, 11, 2, 0], [0, 7, 0, 0, 0]]
A2019-NX-01-0431_3_
acc=86.533, loss=0.00544, correct=649, total=750
[[174, 8, 0, 0, 1], [7, 119, 29, 0, 1], [3, 8, 111, 22, 3], [1, 0, 0, 106, 0], [0, 13, 5, 0, 139]]
A2019-NX-01-0435_3_
acc=80.157, loss=0.00747, correct=509, total=635
[[140, 1, 2, 0, 2], [11, 15, 12, 0, 0], [6, 8, 175, 29, 0], [0, 0, 0, 80, 0], [21, 3, 31, 0, 99]]
A2019-NX-01-0445_2_
acc=87.286, loss=0.00437, correct=611, total=700
[[269, 28, 3, 0, 1], [4, 21, 3, 0, 0], [1, 14, 111, 31, 1], [0, 0, 2, 179, 0], [0, 0, 1, 0, 31]]
A2019-NX-01-0452_3_
acc=80.567, loss=0.00712, correct=568, total=705
[[212, 10, 0, 0, 2], [5, 78, 21, 0, 0], [3, 5, 129, 0, 0], [0, 7, 79, 83, 0], [2, 0, 3, 0, 66]]
A2019-NX-01-0482_3_
acc=82.443, loss=0.00718, correct=540, total=655
[[80, 6, 2, 0, 0], [30, 116, 32, 0, 2], [4, 4, 195, 1, 1], [0, 0, 9, 106, 0], [12, 10, 2, 0, 43]]
A2019-NX-01-0505_3_
acc=82.302, loss=0.00647, correct=572, total=695
[[245, 3, 1, 0, 5], [12, 30, 2, 3, 4], [28, 36, 183, 12, 10], [2, 0, 2, 44, 0], [0, 1, 2, 0, 70]]
A2019-NX-01-0528_1_
acc=83.590, loss=0.00656, correct=596, total=713
[[77, 0, 1, 1, 0], [4, 33, 18, 2, 1], [2, 3, 217, 3, 0], [1, 2, 45, 151, 0], [5, 8, 20, 1, 118]]
A2019-NX-01-0536_3_
acc=82.958, loss=0.00632, correct=516, total=622
[[113, 8, 9, 2, 6], [5, 44, 4, 0, 0], [1, 28, 222, 4, 0], [0, 1, 24, 73, 0], [0, 1, 13, 0, 64]]
A2019-NX-01-0541_3_
acc=84.675, loss=0.00652, correct=547, total=646
[[64, 30, 26, 0, 1], [3, 69, 18, 0, 0], [0, 20, 254, 0, 1], [0, 0, 0, 38, 0], [0, 0, 0, 0, 122]]
A2019-NX-01-0544_0_
acc=94.709, loss=0.00241, correct=716, total=756
[[322, 1, 0, 0, 0], [5, 21, 0, 0, 0], [0, 21, 173, 2, 0], [0, 0, 7, 134, 0], [0, 0, 4, 0, 66]]
A2019-NX-01-0556_3_
acc=81.319, loss=0.01054, correct=518, total=637
[[162, 1, 0, 0, 2], [13, 31, 12, 0, 0], [1, 7, 143, 0, 0], [0, 1, 35, 141, 0], [32, 3, 12, 0, 41]]
A2019-NX-01-0563_1_
acc=92.665, loss=0.00338, correct=758, total=818
[[100, 4, 0, 0, 0], [2, 62, 15, 4, 0], [3, 4, 303, 0, 0], [1, 0, 13, 106, 0], [2, 4, 8, 0, 187]]
A2019-NX-01-0565_3_
acc=86.091, loss=0.00700, correct=588, total=683
[[53, 2, 2, 0, 7], [3, 34, 28, 5, 0], [0, 1, 134, 12, 0], [0, 0, 4, 197, 0], [1, 13, 16, 1, 170]]
A2019-NX-01-0575_3_
acc=71.053, loss=0.01395, correct=459, total=646
[[200, 7, 5, 0, 13], [29, 74, 13, 0, 0], [5, 51, 103, 0, 0], [3, 14, 42, 56, 0], [4, 1, 0, 0, 26]]
A2019-NX-01-0582_3_
acc=68.404, loss=0.01122, correct=210, total=307
[[83, 3, 1, 0, 0], [30, 50, 19, 0, 0], [16, 24, 58, 0, 0], [0, 0, 4, 19, 0], [0, 0, 0, 0, 0]]
A2019-NX-01-0587_2_
acc=83.957, loss=0.00597, correct=628, total=748
[[282, 6, 3, 0, 0], [51, 47, 34, 0, 0], [1, 1, 198, 3, 0], [1, 0, 17, 50, 0], [1, 1, 1, 0, 51]]
A2019-NX-01-0597_2_
acc=82.893, loss=0.00680, correct=659, total=795
[[126, 5, 0, 0, 0], [30, 103, 24, 0, 0], [7, 22, 221, 29, 0], [0, 0, 0, 104, 1], [6, 6, 6, 0, 105]]
A2019-NX-01-0619_3_
acc=79.381, loss=0.00717, correct=616, total=776
[[85, 6, 1, 0, 3], [19, 191, 60, 2, 1], [11, 12, 288, 39, 0], [0, 0, 0, 0, 0], [6, 0, 0, 0, 52]]
A2019-NX-01-0634_3_
acc=93.645, loss=0.00350, correct=722, total=771
[[224, 7, 1, 0, 0], [3, 39, 16, 0, 0], [0, 2, 246, 1, 0], [0, 0, 6, 133, 0], [0, 1, 12, 0, 80]]
A2019-NX-01-0640_3_
acc=76.737, loss=0.00840, correct=508, total=662
[[249, 14, 2, 0, 0], [62, 172, 36, 0, 0], [11, 29, 87, 0, 0], [0, 0, 0, 0, 0], [0, 0, 0, 0, 0]]
A2019-NX-01-0648_3_
acc=89.097, loss=0.00534, correct=572, total=642
[[75, 14, 9, 4, 0], [1, 26, 9, 0, 0], [1, 5, 125, 20, 0], [0, 0, 7, 262, 0], [0, 0, 0, 0, 84]]
A2019-NX-01-0654_3_
acc=85.261, loss=0.00635, correct=538, total=631
[[53, 2, 2, 0, 0], [9, 109, 27, 0, 3], [5, 16, 211, 0, 1], [1, 0, 11, 101, 0], [4, 9, 3, 0, 64]]
A2019-NX-01-0664_2_
acc=71.130, loss=0.01059, correct=579, total=814
[[108, 1, 0, 0, 4], [29, 129, 50, 11, 28], [6, 16, 267, 68, 9], [0, 0, 0, 2, 0], [4, 3, 6, 0, 73]]
A2019-NX-01-0708_2_
acc=76.810, loss=0.00684, correct=626, total=815
[[153, 3, 0, 0, 3], [8, 61, 23, 0, 3], [1, 10, 264, 0, 2], [0, 0, 116, 3, 0], [6, 3, 11, 0, 145]]
A2019-NX-01-0711_3_
acc=90.101, loss=0.00441, correct=892, total=990
[[185, 22, 2, 0, 1], [2, 73, 4, 1, 2], [5, 33, 385, 15, 4], [0, 0, 0, 85, 0], [2, 2, 3, 0, 164]]
A2019-NX-01-0722_3_
acc=85.321, loss=0.00674, correct=558, total=654
[[42, 10, 0, 0, 0], [3, 36, 43, 0, 0], [2, 7, 355, 30, 0], [0, 0, 0, 51, 0], [1, 0, 0, 0, 74]]
A2019-NX-01-0827_2_
acc=80.514, loss=0.00878, correct=533, total=662
[[250, 81, 8, 3, 7], [0, 35, 9, 0, 1], [0, 3, 59, 1, 0], [0, 0, 7, 83, 0], [0, 1, 8, 0, 106]]
A2019-NX-01-0835_3_
acc=85.563, loss=0.00659, correct=243, total=284
[[44, 2, 0, 0, 0], [6, 51, 23, 0, 1], [0, 4, 114, 0, 0], [0, 0, 0, 0, 0], [5, 0, 0, 0, 34]]
A2019-NX-01-0852_3_
acc=78.487, loss=0.00775, correct=529, total=674
[[71, 6, 1, 0, 3], [16, 94, 19, 1, 8], [0, 45, 157, 2, 6], [0, 1, 25, 118, 0], [5, 4, 2, 1, 89]]
A2019-NX-01-0865_3_
acc=85.607, loss=0.00552, correct=571, total=667
[[125, 5, 4, 0, 1], [11, 66, 37, 3, 0], [2, 5, 175, 4, 0], [0, 0, 20, 120, 0], [1, 1, 2, 0, 85]]
A2019-NX-01-0867_3_
acc=38.066, loss=0.04034, correct=244, total=641
[[62, 3, 0, 0, 0], [27, 71, 6, 0, 4], [1, 60, 87, 0, 2], [2, 51, 186, 13, 0], [35, 20, 0, 0, 11]]
A2019-NX-01-0883_3_
acc=81.690, loss=0.00673, correct=638, total=781
[[275, 12, 11, 3, 2], [12, 31, 7, 0, 0], [0, 13, 209, 1, 0], [1, 0, 73, 76, 0], [1, 2, 5, 0, 47]]
A2019-NX-01-0886_3_
acc=80.581, loss=0.00712, correct=527, total=654
[[162, 12, 7, 0, 2], [7, 156, 71, 1, 5], [0, 4, 110, 4, 1], [0, 1, 9, 10, 0], [3, 0, 0, 0, 89]]
A2019-NX-01-0898_2_
acc=83.573, loss=0.00595, correct=580, total=694
[[203, 1, 4, 2, 0], [14, 23, 29, 1, 1], [2, 5, 300, 47, 0], [0, 0, 2, 37, 0], [2, 0, 4, 0, 17]]
A2019-NX-01-0903_2_
acc=84.748, loss=0.00594, correct=689, total=813
[[125, 6, 4, 0, 1], [33, 57, 18, 0, 0], [5, 13, 247, 34, 0], [0, 0, 0, 145, 0], [2, 1, 7, 0, 115]]
A2019-NX-01-0908_1_
acc=84.829, loss=0.00591, correct=520, total=613
[[160, 2, 2, 0, 0], [9, 62, 22, 0, 1], [0, 7, 193, 0, 4], [1, 2, 38, 76, 0], [0, 0, 5, 0, 29]]
A2019-NX-01-0916_3_
acc=85.561, loss=0.00601, correct=557, total=651
[[70, 0, 1, 0, 1], [10, 51, 23, 0, 1], [0, 2, 209, 1, 0], [0, 0, 17, 94, 0], [20, 8, 10, 0, 133]]
A2019-NX-01-0923_2_
acc=83.544, loss=0.00611, correct=858, total=1027
[[537, 11, 1, 0, 3], [20, 73, 5, 0, 11], [9, 28, 166, 73, 4], [0, 0, 0, 20, 0], [4, 0, 0, 0, 62]]
A2019-NX-01-0925_1_
acc=92.319, loss=0.00310, correct=613, total=664
[[244, 1, 0, 0, 0], [13, 40, 9, 1, 0], [2, 3, 150, 10, 0], [0, 0, 6, 155, 0], [2, 0, 3, 1, 24]]
A2019-NX-01-0940_2_
acc=86.508, loss=0.00530, correct=545, total=630
[[84, 1, 1, 1, 5], [5, 54, 33, 4, 10], [0, 4, 145, 9, 4], [0, 0, 6, 125, 0], [1, 0, 1, 0, 137]]
A2019-NX-01-0942_3_
acc=86.000, loss=0.00783, correct=559, total=650
[[44, 18, 21, 0, 5], [1, 22, 10, 0, 0], [0, 10, 319, 18, 0], [0, 0, 2, 67, 0], [0, 1, 5, 0, 107]]
A2019-NX-01-0957_2_
acc=89.255, loss=0.00448, correct=731, total=819
[[176, 4, 7, 1, 0], [14, 35, 17, 2, 0], [6, 3, 284, 22, 0], [1, 0, 0, 140, 0], [1, 2, 8, 0, 96]]
A2019-NX-01-0970_3_
acc=79.348, loss=0.00829, correct=657, total=828
[[279, 5, 3, 0, 0], [4, 33, 7, 0, 0], [2, 44, 148, 0, 2], [2, 2, 83, 117, 0], [16, 1, 0, 0, 80]]
A2019-NX-01-0987_1_
acc=78.151, loss=0.00678, correct=465, total=595
[[71, 1, 0, 0, 1], [11, 29, 12, 0, 1], [1, 5, 97, 0, 3], [0, 0, 94, 187, 0], [1, 0, 0, 0, 81]]
A2019-NX-01-0988_1_
acc=75.846, loss=0.01183, correct=493, total=650
[[271, 14, 1, 0, 3], [18, 73, 107, 1, 2], [0, 1, 29, 9, 0], [0, 0, 0, 79, 0], [1, 0, 0, 0, 41]]
A2019-NX-01-1009_1_
acc=88.987, loss=0.00478, correct=808, total=908
[[63, 3, 3, 1, 5], [1, 14, 0, 0, 2], [1, 12, 243, 17, 14], [0, 1, 31, 188, 1], [2, 1, 5, 0, 300]]
A2019-NX-01-1012_2_
acc=73.913, loss=0.00968, correct=323, total=437
[[148, 7, 1, 0, 0], [22, 76, 82, 0, 0], [1, 0, 85, 0, 0], [0, 0, 1, 14, 0], [0, 0, 0, 0, 0]]
A2019-NX-01-1022_3_
acc=81.833, loss=0.00663, correct=509, total=622
[[99, 10, 5, 0, 1], [3, 84, 80, 0, 0], [1, 2, 207, 1, 0], [0, 0, 2, 39, 0], [3, 4, 1, 0, 80]]
A2019-NX-01-1023_2_
acc=82.768, loss=0.00661, correct=586, total=708
[[410, 0, 0, 0, 0], [39, 40, 2, 0, 0], [6, 39, 39, 0, 0], [1, 0, 19, 97, 0], [15, 1, 0, 0, 0]]
A2019-NX-01-1024_3_
acc=74.699, loss=0.01114, correct=186, total=249
[[30, 0, 1, 0, 0], [3, 28, 16, 2, 7], [0, 1, 62, 8, 5], [1, 1, 16, 49, 0], [0, 1, 1, 0, 17]]
A2019-NX-01-1029_2_
acc=89.531, loss=0.00426, correct=573, total=640
[[106, 1, 1, 0, 0], [11, 34, 3, 1, 0], [1, 11, 160, 1, 1], [0, 0, 29, 103, 0], [7, 0, 0, 0, 170]]
A2019-NX-01-1067_0_
acc=72.451, loss=0.01075, correct=668, total=922
[[135, 10, 4, 0, 15], [5, 35, 14, 0, 6], [2, 15, 163, 0, 6], [0, 1, 100, 157, 0], [2, 35, 39, 0, 178]]
A2019-NX-01-1070_0_
acc=76.712, loss=0.00945, correct=616, total=803
[[78, 1, 7, 3, 0], [2, 40, 54, 5, 0], [1, 8, 193, 36, 0], [3, 0, 1, 170, 0], [3, 25, 38, 0, 135]]
A2019-NX-01-1079_3_
acc=85.915, loss=0.00564, correct=671, total=781
[[49, 3, 2, 0, 0], [6, 84, 23, 0, 0], [9, 17, 251, 38, 9], [0, 0, 0, 55, 0], [1, 0, 2, 0, 232]]
A2019-NX-01-1081_3_
acc=91.755, loss=0.00447, correct=434, total=473
[[226, 6, 3, 0, 0], [7, 92, 8, 0, 0], [2, 13, 116, 0, 0], [0, 0, 0, 0, 0], [0, 0, 0, 0, 0]]
A2019-NX-01-1097_2_
acc=86.314, loss=0.00454, correct=637, total=738
[[305, 1, 0, 0, 0], [14, 41, 27, 0, 0], [1, 4, 122, 0, 0], [0, 0, 43, 95, 0], [1, 0, 10, 0, 74]]
A2019-NX-01-1102_2_
acc=90.939, loss=0.00373, correct=552, total=607
[[94, 2, 1, 0, 0], [6, 65, 18, 0, 0], [9, 9, 211, 0, 0], [0, 0, 4, 126, 0], [3, 1, 2, 0, 56]]
A2019-NX-01-1126_3_
acc=80.604, loss=0.00683, correct=507, total=629
[[31, 0, 0, 0, 0], [2, 75, 67, 10, 0], [1, 0, 171, 21, 3], [0, 0, 11, 84, 0], [0, 2, 5, 0, 146]]
A2019-NX-01-1134_0_
acc=82.924, loss=0.00573, correct=743, total=896
[[83, 7, 2, 0, 12], [4, 12, 2, 0, 9], [1, 6, 452, 0, 3], [0, 0, 99, 7, 0], [3, 0, 5, 0, 189]]
A2019-NX-01-1151_2_
acc=85.319, loss=0.00587, correct=616, total=722
[[216, 3, 1, 0, 0], [6, 17, 20, 0, 1], [2, 4, 174, 0, 2], [1, 0, 51, 100, 0], [6, 1, 8, 0, 109]]
A2019-NX-01-1154_3_
acc=75.791, loss=0.00893, correct=479, total=632
[[103, 3, 1, 0, 3], [12, 46, 30, 1, 6], [0, 3, 115, 83, 5], [0, 0, 0, 85, 0], [3, 0, 3, 0, 130]]
A2019-NX-01-1159_1_
acc=89.873, loss=0.00487, correct=710, total=790
[[53, 8, 0, 0, 0], [3, 38, 15, 0, 0], [0, 0, 350, 10, 0], [0, 0, 15, 121, 0], [0, 14, 15, 0, 148]]
A2019-NX-01-1171_0_
acc=73.810, loss=0.01094, correct=496, total=672
[[125, 3, 0, 0, 0], [18, 56, 38, 4, 1], [5, 12, 112, 84, 1], [0, 0, 0, 94, 0], [0, 1, 9, 0, 109]]
A2019-NX-01-1178_2_
acc=94.333, loss=0.00253, correct=566, total=600
[[221, 0, 1, 0, 0], [3, 42, 13, 0, 0], [0, 6, 120, 9, 0], [0, 0, 1, 147, 0], [0, 0, 1, 0, 36]]
A2019-NX-01-1193_3_
acc=75.039, loss=0.00966, correct=481, total=641
[[59, 3, 1, 0, 0], [8, 55, 76, 12, 1], [2, 6, 146, 27, 0], [0, 1, 15, 135, 0], [2, 1, 5, 0, 86]]
A2019-NX-01-1214_2_
acc=77.530, loss=0.00886, correct=521, total=672
[[286, 61, 8, 0, 2], [2, 73, 68, 1, 1], [0, 0, 60, 3, 0], [0, 1, 4, 73, 0], [0, 0, 0, 0, 29]]
A2019-NX-01-1216_3_
acc=74.710, loss=0.00998, correct=644, total=862
[[298, 14, 6, 1, 0], [19, 58, 3, 0, 0], [15, 89, 123, 0, 9], [0, 4, 48, 76, 1], [8, 1, 0, 0, 89]]
A2019-NX-01-1220_3_
acc=84.795, loss=0.00724, correct=145, total=171
[[35, 2, 2, 0, 0], [6, 62, 9, 0, 0], [1, 6, 48, 0, 0], [0, 0, 0, 0, 0], [0, 0, 0, 0, 0]]
A2019-NX-01-1225_3_
acc=82.043, loss=0.00786, correct=530, total=646
[[178, 4, 0, 0, 2], [16, 78, 34, 1, 0], [4, 5, 154, 45, 2], [0, 0, 0, 60, 0], [1, 0, 2, 0, 60]]
A2019-NX-01-1228_0_
acc=81.697, loss=0.00916, correct=491, total=601
[[29, 12, 21, 0, 10], [0, 3, 25, 1, 1], [0, 0, 212, 33, 4], [0, 0, 3, 140, 0], [0, 0, 0, 0, 107]]
A2019-NX-01-1229_3_
acc=83.985, loss=0.00580, correct=687, total=818
[[150, 2, 1, 0, 4], [30, 59, 7, 0, 0], [6, 19, 270, 45, 1], [0, 0, 10, 91, 0], [1, 3, 2, 0, 117]]
A2019-NX-01-1239_3_
acc=80.273, loss=0.00764, correct=529, total=659
[[76, 0, 5, 0, 11], [32, 74, 46, 0, 0], [0, 10, 246, 0, 0], [0, 1, 23, 64, 0], [1, 0, 1, 0, 69]]
A2019-NX-01-1245_2_
acc=91.597, loss=0.00665, correct=763, total=833
[[248, 1, 3, 0, 1], [3, 28, 0, 0, 3], [0, 18, 143, 8, 2], [0, 0, 31, 302, 0], [0, 0, 0, 0, 42]]
A2019-NX-01-1256_2_
acc=89.349, loss=0.00453, correct=604, total=676
[[177, 6, 0, 0, 0], [19, 43, 18, 2, 1], [0, 5, 160, 18, 1], [0, 0, 1, 198, 0], [0, 0, 1, 0, 26]]
A2019-NX-01-1257_1_
acc=69.657, loss=0.01065, correct=528, total=758
[[19, 0, 2, 0, 0], [2, 9, 1, 0, 0], [0, 7, 235, 1, 0], [0, 2, 175, 112, 0], [0, 1, 39, 0, 153]]
A2019-NX-01-1261_3_
acc=82.955, loss=0.00707, correct=511, total=616
[[20, 0, 1, 0, 0], [6, 36, 17, 1, 0], [8, 3, 207, 62, 4], [0, 0, 1, 147, 0], [0, 0, 2, 0, 101]]
A2019-NX-01-1264_3_
acc=68.634, loss=0.01244, correct=442, total=644
[[107, 39, 15, 0, 8], [0, 145, 102, 1, 5], [1, 3, 109, 13, 3], [0, 0, 0, 56, 0], [0, 7, 5, 0, 25]]
A2019-NX-01-1265_3_
acc=75.061, loss=0.00930, correct=611, total=814
[[194, 5, 2, 0, 0], [70, 225, 63, 0, 0], [20, 25, 156, 0, 0], [0, 0, 0, 0, 0], [13, 2, 3, 0, 36]]
A2019-NX-01-1268_0_
acc=88.010, loss=0.00458, correct=690, total=784
[[225, 3, 3, 0, 0], [8, 37, 4, 0, 1], [2, 2, 127, 1, 7], [0, 0, 58, 246, 0], [0, 0, 5, 0, 55]]
A2019-NX-01-1269_1_
acc=88.013, loss=0.00527, correct=558, total=634
[[92, 1, 0, 0, 3], [10, 30, 13, 3, 0], [2, 2, 167, 22, 0], [1, 1, 11, 190, 0], [2, 2, 3, 0, 79]]
A2019-NX-01-1280_3_
acc=84.270, loss=0.00637, correct=525, total=623
[[76, 1, 1, 0, 1], [11, 115, 40, 1, 0], [3, 13, 173, 5, 0], [1, 1, 16, 61, 0], [1, 2, 1, 0, 100]]
A2019-NX-01-1287_0_
acc=85.129, loss=0.00631, correct=561, total=659
[[37, 4, 6, 0, 2], [0, 17, 36, 1, 2], [0, 0, 264, 34, 6], [0, 0, 0, 97, 0], [2, 0, 5, 0, 146]]
A2019-NX-01-1300_3_
acc=83.265, loss=0.00770, correct=607, total=729
[[180, 13, 0, 0, 3], [6, 147, 28, 0, 10], [4, 50, 196, 1, 3], [0, 0, 0, 11, 0], [2, 0, 2, 0, 73]]
A2019-NX-01-1318_3_
acc=76.119, loss=0.01319, correct=153, total=201
[[32, 2, 0, 0, 0], [8, 27, 21, 2, 0], [0, 0, 24, 3, 0], [2, 2, 8, 70, 0], [0, 0, 0, 0, 0]]
A2019-NX-01-1323_1_
acc=82.848, loss=0.00621, correct=541, total=653
[[51, 5, 4, 0, 3], [0, 17, 9, 0, 4], [0, 5, 188, 16, 0], [0, 1, 47, 208, 0], [1, 4, 13, 0, 77]]
A2019-NX-01-1324_3_
acc=73.226, loss=0.01163, correct=454, total=620
[[111, 5, 1, 0, 0], [34, 68, 34, 0, 0], [16, 8, 191, 33, 1], [0, 0, 0, 27, 0], [25, 4, 5, 0, 57]]
A2019-NX-01-1328_2_
acc=91.190, loss=0.00432, correct=590, total=647
[[269, 0, 1, 0, 0], [2, 11, 1, 0, 0], [0, 17, 128, 8, 0], [0, 0, 9, 144, 0], [1, 4, 11, 3, 38]]
A2019-NX-01-1334_3_
acc=83.230, loss=0.00774, correct=536, total=644
[[199, 4, 1, 0, 3], [20, 79, 18, 0, 1], [6, 6, 168, 46, 0], [0, 0, 0, 35, 0], [0, 0, 3, 0, 55]]
A2019-NX-01-1350_3_
acc=80.380, loss=0.00753, correct=508, total=632
[[58, 6, 12, 0, 10], [0, 20, 7, 0, 0], [0, 10, 266, 2, 1], [0, 0, 53, 78, 0], [2, 4, 17, 0, 86]]
A2019-NX-01-1356_3_
acc=87.298, loss=0.00590, correct=701, total=803
[[200, 7, 4, 0, 0], [14, 136, 29, 0, 0], [1, 15, 213, 5, 0], [0, 0, 5, 80, 0], [8, 6, 8, 0, 72]]
A2019-NX-01-1367_3_
acc=85.613, loss=0.00525, correct=601, total=702
[[107, 9, 2, 0, 1], [22, 64, 26, 0, 0], [12, 13, 291, 15, 1], [0, 0, 0, 59, 0], [0, 0, 0, 0, 80]]
A2019-NX-01-1379_1_
acc=76.997, loss=0.00947, correct=559, total=726
[[45, 2, 1, 0, 0], [7, 44, 25, 2, 0], [8, 5, 218, 98, 1], [0, 0, 0, 118, 0], [1, 1, 16, 0, 134]]
A2019-NX-01-1397_2_
acc=83.256, loss=0.00712, correct=537, total=645
[[70, 0, 1, 0, 1], [15, 35, 13, 0, 0], [3, 10, 171, 0, 4], [2, 1, 20, 117, 0], [18, 10, 10, 0, 144]]
A2019-NX-01-1398_0_
acc=90.017, loss=0.00427, correct=541, total=601
[[55, 0, 0, 0, 1], [12, 25, 10, 0, 0], [2, 5, 168, 0, 0], [0, 0, 12, 195, 0], [2, 2, 14, 0, 98]]
A2019-NX-01-1399_3_
acc=85.224, loss=0.00637, correct=571, total=670
[[115, 19, 3, 1, 16], [1, 54, 31, 0, 0], [1, 6, 115, 12, 0], [0, 0, 2, 114, 0], [1, 1, 5, 0, 173]]
A2019-NX-01-1409_2_
acc=90.424, loss=0.00436, correct=576, total=637
[[47, 0, 1, 0, 0], [10, 44, 18, 1, 2], [1, 2, 223, 20, 1], [0, 0, 2, 124, 0], [2, 0, 1, 0, 138]]
A2019-NX-01-1426_3_
acc=78.138, loss=0.00885, correct=579, total=741
[[177, 10, 10, 0, 6], [11, 85, 96, 1, 3], [0, 4, 133, 18, 0], [0, 0, 1, 73, 0], [2, 0, 0, 0, 111]]
A2019-NX-01-1427_2_
acc=89.381, loss=0.00441, correct=707, total=791
[[252, 9, 5, 0, 1], [3, 25, 6, 0, 0], [2, 8, 206, 0, 0], [0, 0, 39, 172, 0], [7, 0, 4, 0, 52]]
A2019-NX-01-1443_3_
acc=81.250, loss=0.00714, correct=260, total=320
[[134, 2, 0, 0, 0], [18, 55, 33, 0, 0], [4, 0, 71, 3, 0], [0, 0, 0, 0, 0], [0, 0, 0, 0, 0]]
A2019-NX-01-1456_3_
acc=83.442, loss=0.00633, correct=514, total=616
[[168, 2, 3, 0, 5], [21, 29, 15, 0, 0], [7, 9, 195, 34, 1], [0, 0, 0, 65, 0], [3, 2, 0, 0, 57]]
A2019-NX-01-1490_2_
acc=83.513, loss=0.00623, correct=542, total=649
[[137, 10, 9, 0, 0], [12, 77, 54, 1, 0], [0, 5, 215, 12, 0], [0, 0, 4, 54, 0], [0, 0, 0, 0, 59]]
A2019-NX-01-1504_3_
acc=93.966, loss=0.00355, correct=763, total=812
[[241, 4, 1, 0, 3], [0, 23, 18, 0, 0], [0, 0, 189, 5, 0], [1, 2, 9, 170, 0], [1, 0, 5, 0, 140]]
A2019-NX-01-1505_3_
acc=78.086, loss=0.00717, correct=506, total=648
[[58, 9, 0, 0, 3], [3, 68, 21, 1, 0], [5, 14, 248, 78, 0], [0, 0, 0, 7, 0], [3, 0, 5, 0, 125]]
A2019-NX-01-1509_2_
acc=83.029, loss=0.00806, correct=592, total=713
[[195, 7, 5, 0, 0], [3, 9, 5, 0, 0], [0, 22, 168, 3, 0], [1, 4, 34, 135, 0], [1, 5, 31, 0, 85]]
A2019-NX-01-1510_3_
acc=75.628, loss=0.01335, correct=301, total=398
[[184, 3, 8, 0, 0], [2, 9, 54, 15, 0], [0, 0, 30, 12, 0], [0, 0, 0, 18, 0], [0, 0, 3, 0, 60]]
A2019-NX-01-1520_2_
acc=81.069, loss=0.00900, correct=531, total=655
[[146, 0, 0, 0, 4], [15, 41, 14, 7, 5], [0, 5, 155, 73, 1], [0, 0, 0, 125, 0], [0, 0, 0, 0, 64]]
A2019-NX-01-1527_3_
acc=81.429, loss=0.00699, correct=570, total=700
[[310, 12, 12, 0, 0], [32, 122, 46, 0, 1], [5, 2, 80, 0, 0], [0, 0, 12, 35, 0], [2, 3, 3, 0, 23]]
A2019-NX-01-1540_3_
acc=78.095, loss=0.01029, correct=492, total=630
[[92, 49, 44, 0, 7], [1, 32, 13, 0, 0], [0, 9, 216, 6, 0], [0, 0, 2, 114, 0], [0, 1, 6, 0, 38]]
A2019-NX-01-1544_3_
acc=81.220, loss=0.00839, correct=506, total=623
[[31, 2, 3, 0, 2], [4, 87, 20, 0, 8], [7, 17, 223, 46, 3], [0, 0, 1, 54, 0], [2, 1, 1, 0, 111]]
A2019-NX-01-1569_3_
acc=72.508, loss=0.00951, correct=451, total=622
[[101, 3, 0, 0, 0], [37, 164, 81, 0, 0], [8, 4, 129, 0, 0], [0, 1, 20, 0, 0], [6, 6, 5, 0, 57]]
A2019-NX-01-1580_3_
acc=76.444, loss=0.00801, correct=503, total=658
[[35, 3, 1, 0, 6], [8, 46, 19, 0, 4], [1, 14, 237, 83, 0], [0, 0, 0, 49, 0], [7, 4, 5, 0, 136]]
A2019-NX-01-1587_3_
acc=86.922, loss=0.00528, correct=545, total=627
[[65, 3, 15, 0, 7], [6, 16, 23, 0, 1], [3, 2, 234, 15, 2], [0, 0, 0, 163, 0], [5, 0, 0, 0, 67]]
A2019-NX-01-1589_1_
acc=84.786, loss=0.00570, correct=574, total=677
[[158, 1, 1, 0, 0], [7, 53, 14, 0, 0], [2, 15, 146, 0, 0], [2, 2, 55, 155, 0], [0, 0, 4, 0, 62]]
A2019-NX-01-1601_3_
acc=81.107, loss=0.00634, correct=674, total=831
[[102, 6, 6, 0, 11], [3, 82, 10, 0, 0], [11, 85, 362, 0, 0], [1, 0, 8, 11, 0], [6, 6, 4, 0, 117]]
A2019-NX-01-1608_1_
acc=90.439, loss=0.00435, correct=700, total=774
[[182, 7, 3, 0, 1], [9, 34, 29, 0, 0], [1, 5, 221, 10, 5], [0, 0, 3, 186, 0], [0, 0, 1, 0, 77]]
A2019-NX-01-1620_1_
acc=76.806, loss=0.01216, correct=606, total=789
[[108, 0, 0, 0, 0], [32, 34, 6, 0, 0], [13, 25, 229, 0, 1], [2, 0, 68, 96, 0], [23, 11, 2, 0, 139]]
A2019-NX-01-1625_1_
acc=89.901, loss=0.00458, correct=730, total=812
[[54, 6, 3, 0, 0], [2, 40, 33, 0, 0], [0, 8, 366, 1, 0], [0, 1, 9, 136, 0], [2, 4, 13, 0, 134]]
A2019-NX-01-1628_1_
acc=79.542, loss=0.00872, correct=521, total=655
[[90, 3, 3, 0, 2], [5, 34, 8, 0, 4], [2, 13, 161, 0, 3], [1, 3, 78, 148, 1], [6, 1, 1, 0, 88]]
A2019-NX-01-1634_3_
acc=72.627, loss=0.01065, correct=459, total=632
[[118, 7, 0, 0, 0], [12, 57, 29, 0, 0], [8, 21, 125, 70, 3], [0, 0, 0, 88, 0], [5, 11, 7, 0, 71]]
A2019-NX-01-1638_3_
acc=87.575, loss=0.00493, correct=726, total=829
[[20, 2, 0, 0, 6], [2, 28, 27, 0, 0], [3, 11, 389, 35, 6], [0, 0, 0, 118, 0], [3, 3, 5, 0, 171]]
A2019-NX-01-1640_3_
acc=89.050, loss=0.00514, correct=553, total=621
[[111, 15, 3, 0, 18], [0, 17, 5, 0, 0], [2, 5, 212, 4, 1], [0, 0, 11, 96, 0], [1, 0, 2, 1, 117]]
A2020-NX-01-0006_3_
acc=73.590, loss=0.01405, correct=574, total=780
[[207, 21, 30, 0, 10], [6, 53, 1, 0, 0], [2, 35, 205, 0, 0], [0, 1, 53, 50, 0], [7, 18, 22, 0, 59]]
A2020-NX-01-0007_3_
acc=85.571, loss=0.00596, correct=682, total=797
[[135, 25, 21, 0, 19], [1, 25, 8, 0, 1], [0, 15, 312, 15, 0], [0, 0, 0, 66, 0], [0, 2, 8, 0, 144]]
A2020-NX-01-0010_3_
acc=74.424, loss=0.00973, correct=646, total=868
[[85, 1, 6, 0, 0], [29, 26, 10, 0, 0], [6, 9, 330, 0, 5], [1, 0, 112, 47, 0], [37, 2, 4, 0, 158]]
A2020-NX-01-0017_3_
acc=75.758, loss=0.01060, correct=600, total=792
[[215, 72, 32, 3, 23], [1, 87, 1, 0, 7], [0, 36, 117, 1, 3], [0, 1, 9, 131, 0], [0, 1, 2, 0, 50]]
A2020-NX-01-0024_3_
acc=84.414, loss=0.00715, correct=677, total=802
[[177, 16, 5, 0, 10], [8, 171, 47, 0, 3], [1, 2, 138, 2, 0], [0, 0, 10, 70, 0], [5, 13, 3, 0, 121]]
A2020-NX-01-0028_1_
acc=83.582, loss=0.00668, correct=672, total=804
[[129, 7, 0, 0, 0], [8, 69, 11, 0, 0], [3, 16, 267, 0, 6], [0, 0, 40, 75, 0], [7, 16, 18, 0, 132]]
A2020-NX-01-0030_3_
acc=77.078, loss=0.00854, correct=612, total=794
[[193, 67, 17, 0, 15], [0, 68, 3, 0, 1], [0, 60, 230, 0, 1], [0, 0, 10, 41, 0], [0, 4, 4, 0, 80]]
A2020-NX-01-0050_3_
acc=79.517, loss=0.00765, correct=625, total=786
[[114, 1, 0, 0, 3], [22, 62, 9, 1, 7], [4, 26, 266, 68, 10], [0, 0, 0, 48, 0], [10, 0, 0, 0, 135]]
A2020-NX-01-0063_2_
acc=90.104, loss=0.00400, correct=692, total=768
[[257, 8, 2, 0, 0], [7, 74, 17, 0, 3], [0, 17, 324, 14, 8], [0, 0, 0, 0, 0], [0, 0, 0, 0, 37]]
A2020-NX-01-0068_3_
acc=86.100, loss=0.00510, correct=669, total=777
[[45, 6, 4, 0, 2], [3, 48, 20, 0, 8], [0, 2, 465, 55, 0], [0, 0, 0, 0, 0], [4, 1, 3, 0, 111]]
A2020-NX-01-0083_0_
acc=91.878, loss=0.00288, correct=724, total=788
[[243, 3, 0, 0, 1], [7, 9, 3, 0, 0], [1, 1, 67, 37, 0], [0, 0, 7, 280, 1], [0, 0, 3, 0, 125]]
A2020-NX-01-0089_1_
acc=89.364, loss=0.00481, correct=689, total=771
[[121, 3, 0, 0, 1], [5, 36, 4, 0, 7], [5, 17, 318, 31, 6], [0, 0, 2, 94, 0], [1, 0, 0, 0, 120]]
A2020-NX-01-0095_3_
acc=69.599, loss=0.01422, correct=538, total=773
[[345, 0, 0, 0, 0], [107, 47, 7, 0, 9], [8, 15, 41, 0, 9], [0, 0, 17, 17, 0], [56, 7, 0, 0, 88]]
A2020-NX-01-0096_3_
acc=83.580, loss=0.00682, correct=621, total=743
[[129, 13, 2, 0, 2], [11, 138, 12, 0, 0], [2, 62, 285, 0, 0], [0, 0, 1, 12, 0], [6, 8, 3, 0, 57]]
A2020-NX-01-0103_0_
acc=78.361, loss=0.00782, correct=612, total=781
[[41, 3, 2, 0, 0], [8, 15, 11, 0, 0], [2, 9, 393, 7, 3], [0, 0, 116, 67, 0], [0, 0, 8, 0, 96]]
A2020-NX-01-0109_3_
acc=74.349, loss=0.01013, correct=571, total=768
[[198, 0, 3, 0, 0], [73, 34, 34, 0, 0], [27, 16, 220, 10, 0], [0, 0, 1, 52, 0], [25, 5, 3, 0, 67]]
A2020-NX-01-0112_1_
acc=88.975, loss=0.00438, correct=686, total=771
[[40, 0, 2, 0, 0], [7, 41, 20, 0, 0], [1, 7, 256, 12, 1], [0, 2, 28, 182, 0], [1, 0, 4, 0, 167]]
A2020-NX-01-0126_1_
acc=83.750, loss=0.00813, correct=670, total=800
[[143, 0, 0, 0, 1], [12, 34, 5, 0, 4], [1, 13, 231, 0, 7], [1, 2, 77, 65, 0], [2, 0, 5, 0, 197]]
A2020-NX-01-0129_3_
acc=88.743, loss=0.00473, correct=678, total=764
[[181, 7, 2, 0, 0], [6, 81, 13, 1, 5], [2, 17, 231, 1, 5], [0, 0, 22, 112, 0], [1, 4, 0, 0, 73]]
A2020-NX-01-0134_2_
acc=76.845, loss=0.00947, correct=604, total=786
[[272, 18, 2, 0, 2], [19, 41, 37, 0, 0], [2, 9, 233, 9, 0], [0, 0, 7, 10, 0], [47, 24, 6, 0, 48]]
A2020-NX-01-0153_0_
acc=90.862, loss=0.00368, correct=696, total=766
[[28, 2, 0, 0, 5], [8, 54, 8, 0, 6], [0, 19, 245, 11, 0], [0, 0, 7, 180, 0], [0, 1, 3, 0, 189]]
A2020-NX-01-0159_2_
acc=86.683, loss=0.00540, correct=690, total=796
[[215, 12, 1, 0, 0], [5, 23, 8, 0, 2], [7, 19, 192, 32, 3], [2, 0, 0, 218, 0], [0, 4, 11, 0, 42]]
A2020-NX-01-0170_0_
acc=91.957, loss=0.00313, correct=686, total=746
[[213, 0, 0, 0, 0], [12, 21, 1, 0, 0], [1, 2, 170, 1, 0], [1, 1, 26, 170, 0], [3, 3, 9, 0, 112]]
A2020-NX-01-0211_1_
acc=88.510, loss=0.00464, correct=701, total=792
[[212, 3, 1, 0, 1], [16, 32, 5, 1, 2], [3, 20, 180, 13, 12], [0, 0, 13, 161, 0], [1, 0, 0, 0, 116]]
A2020-NX-01-0222_3_
acc=87.771, loss=0.00501, correct=689, total=785
[[222, 9, 4, 0, 0], [4, 145, 51, 0, 1], [0, 10, 203, 1, 0], [0, 0, 11, 43, 0], [4, 0, 1, 0, 76]]
A2020-NX-01-0224_3_
acc=80.556, loss=0.00730, correct=609, total=756
[[137, 3, 5, 0, 8], [38, 120, 13, 0, 14], [3, 18, 118, 0, 7], [0, 0, 38, 114, 0], [0, 0, 0, 0, 120]]
A2020-NX-01-0226_1_
acc=88.742, loss=0.00440, correct=670, total=755
[[111, 6, 1, 0, 12], [8, 43, 8, 0, 1], [3, 16, 215, 20, 0], [0, 0, 3, 117, 0], [4, 0, 3, 0, 184]]
A2020-NX-01-0230_2_
acc=84.497, loss=0.00748, correct=605, total=716
[[101, 10, 3, 0, 7], [4, 28, 4, 0, 3], [2, 18, 187, 0, 20], [0, 1, 39, 182, 0], [0, 0, 0, 0, 107]]
A2020-NX-01-0251_3_
acc=78.803, loss=0.00853, correct=632, total=802
[[107, 5, 1, 0, 4], [18, 36, 30, 2, 23], [6, 8, 254, 30, 11], [0, 0, 0, 195, 0], [22, 3, 7, 0, 40]]
A2020-NX-01-0265_3_
acc=84.575, loss=0.00536, correct=647, total=765
[[278, 7, 3, 0, 0], [12, 104, 15, 0, 3], [3, 43, 189, 0, 2], [0, 0, 19, 6, 0], [4, 4, 3, 0, 70]]
A2020-NX-01-0268_2_
acc=85.523, loss=0.00531, correct=638, total=746
[[174, 1, 2, 0, 2], [10, 43, 3, 0, 1], [4, 30, 259, 0, 4], [0, 3, 44, 91, 0], [0, 0, 4, 0, 71]]
A2020-NX-01-0273_3_
acc=90.793, loss=0.00464, correct=710, total=782
[[123, 6, 2, 0, 1], [12, 102, 9, 0, 1], [1, 18, 175, 2, 3], [1, 0, 16, 163, 0], [0, 0, 0, 0, 147]]
A2020-NX-01-0288_1_
acc=90.862, loss=0.00417, correct=706, total=777
[[283, 1, 0, 0, 2], [22, 22, 21, 0, 0], [5, 1, 142, 10, 0], [1, 0, 3, 167, 0], [0, 1, 4, 0, 92]]
A2020-NX-01-0308_3_
acc=86.439, loss=0.00464, correct=682, total=789
[[284, 30, 5, 0, 0], [0, 64, 6, 0, 0], [1, 51, 190, 0, 1], [0, 1, 8, 97, 0], [1, 3, 0, 0, 47]]
A2020-NX-01-0309_3_
acc=85.176, loss=0.00713, correct=655, total=769
[[184, 2, 4, 0, 0], [19, 30, 26, 0, 0], [5, 19, 259, 23, 0], [0, 0, 3, 46, 0], [9, 0, 4, 0, 136]]
A2020-NX-01-0314_3_
acc=84.267, loss=0.00582, correct=632, total=750
[[86, 3, 8, 0, 11], [4, 21, 3, 0, 0], [6, 14, 327, 35, 1], [0, 0, 0, 95, 0], [6, 1, 26, 0, 103]]
A2020-NX-01-0322_1_
acc=92.904, loss=0.00353, correct=707, total=761
[[214, 6, 0, 0, 2], [1, 2, 1, 0, 0], [0, 2, 229, 10, 10], [0, 0, 5, 186, 0], [0, 2, 15, 0, 76]]
A2020-NX-01-0329_2_
acc=82.746, loss=0.00652, correct=681, total=823
[[89, 7, 4, 0, 1], [10, 64, 34, 0, 1], [0, 12, 320, 9, 2], [0, 0, 17, 71, 0], [22, 11, 12, 0, 137]]
A2020-NX-01-0352_2_
acc=89.706, loss=0.00392, correct=671, total=748
[[81, 7, 0, 1, 1], [3, 28, 21, 0, 0], [2, 5, 249, 19, 4], [0, 0, 5, 143, 0], [2, 3, 4, 0, 170]]
A2020-NX-01-0354_3_
acc=86.693, loss=0.00508, correct=658, total=759
[[61, 7, 9, 1, 15], [0, 17, 10, 0, 0], [0, 7, 280, 28, 0], [0, 0, 16, 129, 0], [0, 1, 7, 0, 171]]
A2020-NX-01-0359_0_
acc=86.625, loss=0.00599, correct=693, total=800
[[104, 1, 7, 1, 7], [3, 9, 7, 0, 8], [5, 8, 323, 15, 5], [1, 0, 17, 103, 0], [3, 1, 18, 0, 154]]
A2020-NX-01-0360_2_
acc=88.360, loss=0.00510, correct=668, total=756
[[65, 7, 2, 1, 0], [3, 43, 30, 0, 0], [1, 4, 198, 1, 1], [0, 0, 11, 192, 0], [6, 4, 17, 0, 170]]
A2020-NX-01-0365_1_
acc=89.048, loss=0.00462, correct=683, total=767
[[84, 21, 3, 1, 1], [1, 34, 4, 0, 1], [1, 23, 210, 10, 8], [0, 1, 4, 196, 0], [0, 0, 5, 0, 159]]
A2020-NX-01-0368_3_
acc=77.616, loss=0.00820, correct=586, total=755
[[93, 8, 4, 0, 2], [24, 133, 53, 0, 7], [2, 12, 115, 0, 1], [0, 4, 37, 95, 0], [3, 6, 6, 0, 150]]
A2020-NX-01-0373_1_
acc=89.461, loss=0.00441, correct=730, total=816
[[51, 1, 1, 0, 4], [3, 11, 11, 0, 2], [2, 3, 263, 0, 2], [2, 0, 43, 199, 0], [4, 4, 4, 0, 206]]
A2020-NX-01-0382_3_
acc=84.868, loss=0.00573, correct=645, total=760
[[211, 2, 7, 0, 1], [18, 48, 50, 0, 0], [1, 2, 110, 3, 0], [0, 0, 13, 172, 0], [1, 0, 17, 0, 104]]
A2020-NX-01-0386_3_
acc=86.911, loss=0.00550, correct=664, total=764
[[153, 11, 7, 0, 4], [12, 142, 6, 0, 0], [2, 39, 218, 0, 0], [0, 0, 2, 38, 0], [10, 6, 1, 0, 113]]
A2020-NX-01-0388_2_
acc=82.027, loss=0.00641, correct=607, total=740
[[66, 3, 1, 0, 0], [11, 24, 4, 0, 0], [9, 60, 269, 3, 5], [1, 0, 25, 153, 0], [2, 8, 1, 0, 95]]
A2020-NX-01-0397_2_
acc=91.235, loss=0.00382, correct=739, total=810
[[411, 23, 1, 0, 0], [8, 92, 24, 1, 0], [0, 1, 196, 11, 0], [0, 0, 2, 40, 0], [0, 0, 0, 0, 0]]
A2020-NX-01-0461_2_
acc=86.387, loss=0.00486, correct=679, total=786
[[346, 11, 6, 2, 5], [2, 33, 4, 0, 0], [0, 26, 120, 2, 2], [0, 8, 31, 152, 0], [0, 2, 6, 0, 28]]
A2020-NX-01-0490_1_
acc=87.680, loss=0.00538, correct=854, total=974
[[201, 22, 2, 0, 10], [4, 62, 6, 0, 2], [0, 23, 257, 6, 9], [0, 0, 3, 143, 0], [6, 12, 15, 0, 191]]
A2020-NX-01-0494_2_
acc=85.330, loss=0.00652, correct=634, total=743
[[72, 23, 15, 1, 4], [0, 13, 14, 0, 0], [0, 11, 262, 4, 0], [0, 1, 22, 131, 0], [0, 0, 14, 0, 156]]
A2020-NX-01-0508_3_
acc=83.456, loss=0.00591, correct=681, total=816
[[87, 3, 7, 0, 0], [20, 37, 18, 0, 10], [4, 21, 407, 47, 0], [0, 0, 0, 60, 0], [2, 0, 3, 0, 90]]
A2020-NX-01-0529_2_
acc=82.166, loss=0.00706, correct=622, total=757
[[93, 4, 0, 0, 0], [5, 53, 8, 1, 0], [3, 26, 160, 22, 2], [0, 3, 56, 205, 0], [0, 0, 5, 0, 111]]
A2020-NX-01-0534_3_
acc=82.782, loss=0.00628, correct=601, total=726
[[119, 7, 2, 1, 1], [28, 93, 6, 2, 1], [2, 16, 265, 51, 0], [0, 0, 0, 56, 0], [2, 1, 5, 0, 68]]
A2020-NX-01-0541_3_
acc=79.770, loss=0.00728, correct=623, total=781
[[270, 33, 23, 0, 5], [31, 91, 8, 0, 0], [3, 43, 190, 11, 0], [0, 0, 0, 45, 0], [1, 0, 0, 0, 27]]
A2020-NX-01-0549_3_
acc=89.560, loss=0.00452, correct=326, total=364
[[70, 6, 5, 0, 1], [0, 56, 5, 0, 0], [1, 16, 172, 0, 0], [0, 0, 0, 0, 0], [1, 1, 2, 0, 28]]
A2020-NX-01-0550_1_
acc=82.442, loss=0.00626, correct=601, total=729
[[85, 2, 2, 0, 4], [5, 30, 6, 0, 0], [2, 3, 185, 0, 1], [1, 3, 86, 159, 0], [5, 4, 3, 1, 142]]
A2020-NX-01-0561_2_
acc=90.114, loss=0.00425, correct=711, total=789
[[79, 12, 7, 0, 0], [5, 45, 13, 0, 2], [0, 2, 250, 5, 0], [0, 1, 10, 166, 0], [1, 1, 18, 1, 171]]
A2020-NX-01-0567_2_
acc=90.698, loss=0.00455, correct=702, total=774
[[51, 8, 0, 0, 2], [2, 35, 20, 0, 0], [0, 1, 260, 0, 2], [0, 0, 29, 206, 0], [0, 0, 8, 0, 150]]
A2020-NX-01-0573_3_
acc=71.429, loss=0.01397, correct=590, total=826
[[88, 4, 2, 0, 0], [10, 119, 45, 0, 0], [2, 32, 216, 0, 1], [0, 0, 0, 0, 0], [23, 61, 56, 0, 167]]
A2020-NX-01-0579_3_
acc=91.646, loss=0.00354, correct=724, total=790
[[548, 20, 13, 0, 0], [3, 23, 0, 0, 0], [0, 23, 83, 0, 3], [0, 0, 4, 70, 0], [0, 0, 0, 0, 0]]
A2020-NX-01-0590_3_
acc=88.067, loss=0.00485, correct=679, total=771
[[160, 9, 2, 0, 1], [1, 64, 35, 0, 0], [2, 7, 214, 2, 0], [1, 0, 1, 108, 0], [14, 5, 12, 0, 133]]
A2020-NX-01-0591_2_
acc=87.453, loss=0.00485, correct=697, total=797
[[74, 5, 2, 0, 2], [2, 30, 19, 0, 1], [1, 2, 235, 10, 0], [0, 0, 35, 211, 0], [16, 3, 2, 0, 147]]
A2020-NX-01-0596_2_
acc=72.662, loss=0.00926, correct=606, total=834
[[415, 33, 0, 0, 0], [156, 156, 5, 0, 1], [5, 28, 35, 0, 0], [0, 0, 0, 0, 0], [0, 0, 0, 0, 0]]
A2020-NX-01-0623_3_
acc=84.073, loss=0.00631, correct=644, total=766
[[178, 18, 5, 1, 3], [0, 31, 5, 0, 0], [1, 28, 227, 2, 0], [1, 2, 40, 134, 0], [2, 10, 4, 0, 74]]
A2020-NX-01-0635_3_
acc=84.044, loss=0.00596, correct=611, total=727
[[137, 6, 0, 0, 7], [6, 65, 26, 5, 9], [3, 7, 201, 46, 0], [1, 0, 0, 39, 0], [0, 0, 0, 0, 169]]
A2020-NX-01-0646_0_
acc=88.914, loss=0.00428, correct=794, total=893
[[399, 4, 1, 0, 3], [19, 36, 15, 2, 10], [1, 4, 188, 31, 6], [0, 0, 2, 46, 0], [1, 0, 0, 0, 125]]
A2020-NX-01-0647_3_
acc=82.763, loss=0.00664, correct=653, total=789
[[332, 12, 1, 0, 1], [46, 167, 34, 0, 0], [10, 20, 104, 0, 0], [0, 0, 0, 0, 0], [6, 6, 0, 0, 50]]
A2020-NX-01-0656_3_
acc=83.220, loss=0.00663, correct=610, total=733
[[61, 6, 1, 0, 9], [5, 32, 5, 0, 6], [1, 29, 268, 35, 18], [0, 0, 2, 154, 0], [2, 1, 3, 0, 95]]
A2020-NX-01-0677_3_
acc=83.762, loss=0.00640, correct=619, total=739
[[98, 6, 2, 0, 5], [5, 101, 25, 0, 8], [2, 8, 200, 0, 1], [0, 1, 36, 125, 1], [8, 12, 0, 0, 95]]
A2020-NX-01-0699_3_
acc=67.336, loss=0.01121, correct=503, total=747
[[160, 6, 4, 0, 0], [65, 39, 2, 0, 3], [18, 57, 248, 71, 1], [0, 0, 0, 11, 0], [17, 0, 0, 0, 45]]
A2020-NX-01-0707_3_
acc=81.783, loss=0.00866, correct=633, total=774
[[308, 11, 4, 0, 2], [0, 26, 2, 0, 0], [1, 66, 155, 0, 1], [0, 6, 47, 85, 0], [1, 0, 0, 0, 59]]
A2020-NX-01-0708_3_
acc=80.051, loss=0.00753, correct=626, total=782
[[102, 2, 2, 0, 2], [33, 144, 32, 0, 10], [5, 34, 247, 0, 5], [0, 0, 15, 0, 0], [15, 0, 1, 0, 133]]
A2020-NX-01-0730_3_
acc=84.074, loss=0.00621, correct=681, total=810
[[54, 1, 1, 1, 0], [4, 58, 44, 1, 0], [2, 7, 281, 13, 7], [0, 0, 37, 100, 0], [4, 1, 6, 0, 188]]
A2020-NX-01-0737_3_
acc=86.445, loss=0.00653, correct=676, total=782
[[95, 7, 1, 0, 3], [6, 66, 30, 0, 5], [0, 10, 245, 9, 1], [0, 0, 13, 147, 3], [6, 9, 3, 0, 123]]
A2020-NX-01-0766_3_
acc=78.155, loss=0.00783, correct=576, total=737
[[102, 5, 3, 0, 8], [13, 58, 28, 4, 2], [0, 4, 184, 88, 0], [0, 0, 0, 77, 0], [5, 0, 1, 0, 155]]
A2020-NX-01-0776_3_
acc=81.952, loss=0.00932, correct=613, total=748
[[203, 5, 4, 0, 0], [11, 112, 13, 0, 3], [1, 31, 149, 0, 10], [0, 2, 54, 81, 0], [1, 0, 0, 0, 68]]
24034.719618487605
82.87834351202622
